2021-06-13 10:29:21.616104 [47.106693333, 7.216835833] 36.29 1.1872934374527377 None 0 0 Started autonomous drive 
2021-06-13 10:29:21.619260 [47.106693333, 7.216835833] 36.29 1.1872934374527377 (47.106653985807164, 7.216847330313385) 27.0 -82.0 turn_to_on_spot 168.7516251035214 132.46162510352144 2 
2021-06-13 10:29:21.720877 [47.106693333, 7.216835833] 37.33 1.1872934374527377 (47.106653985807164, 7.216847330313385) 27.0 -81.0 turn_to_on_spot 168.7516251035214 131.42162510352136 2 
2021-06-13 10:29:21.822499 [47.106693333, 7.216835833] 38.47 1.1872934374527377 (47.106653985807164, 7.216847330313385) 27.0 -80.0 turn_to_on_spot 168.7516251035214 130.28162510352138 2 
2021-06-13 10:29:21.924205 [47.106693333, 7.216835833] 39.5 1.1872934374527377 (47.106653985807164, 7.216847330313385) 27.0 -80.0 turn_to_on_spot 168.7516251035214 129.2516251035214 2 
2021-06-13 10:29:22.025915 [47.106693333, 7.216835833] 40.78 1.1872934374527377 (47.106653985807164, 7.216847330313385) 26.0 -79.0 turn_to_on_spot 168.7516251035214 127.97162510352143 2 
2021-06-13 10:29:22.128397 [47.106693333, 7.216835833] 42.03 0.0 (47.106653985807164, 7.216847330313385) 26.0 -78.0 turn_to_on_spot 168.7516251035214 126.72162510352143 2 
2021-06-13 10:29:22.230100 [47.106693333, 7.216835833] 44.32 0.0 (47.106653985807164, 7.216847330313385) 26.0 -77.0 turn_to_on_spot 168.7516251035214 124.43162510352136 2 
2021-06-13 10:29:22.331760 [47.106693333, 7.216835833] 47.15 0.0 (47.106653985807164, 7.216847330313385) 25.0 -76.0 turn_to_on_spot 168.7516251035214 121.60162510352143 2 
2021-06-13 10:29:22.433405 [47.106693667, 7.216836] 49.34 0.16171132367196966 (47.106653985807164, 7.216847330313385) 25.0 -74.0 turn_to_on_spot 168.7516251035214 119.41162510352137 2 
2021-06-13 10:29:22.535119 [47.106693667, 7.216836] 51.79 0.16171132367196966 (47.106653985807164, 7.216847330313385) 24.0 -73.0 turn_to_on_spot 168.7516251035214 116.96162510352144 2 
2021-06-13 10:29:22.636749 [47.106693667, 7.216836] 55.77 0.16171132367196966 (47.106653985807164, 7.216847330313385) 24.0 -71.0 turn_to_on_spot 168.7516251035214 112.98162510352142 2 
2021-06-13 10:29:22.738369 [47.106693667, 7.216836] 58.64 0.16171132367196966 (47.106653985807164, 7.216847330313385) 23.0 -69.0 turn_to_on_spot 168.7516251035214 110.11162510352142 2 
2021-06-13 10:29:22.840531 [47.106693667, 7.216836] 61.66 0.16171132367196966 (47.106653985807164, 7.216847330313385) 22.0 -67.0 turn_to_on_spot 168.7516251035214 107.09162510352144 2 
2021-06-13 10:29:22.942769 [47.106693667, 7.216836] 66.27 0.16171132367196966 (47.106653985807164, 7.216847330313385) 22.0 -65.0 turn_to_on_spot 168.7516251035214 102.48162510352142 2 
2021-06-13 10:29:23.044425 [47.106693667, 7.216836] 67.93 0.16171132367196966 (47.106653985807164, 7.216847330313385) 21.0 -64.0 turn_to_on_spot 168.7516251035214 100.82162510352146 2 
2021-06-13 10:29:23.146134 [47.106693667, 7.216836] 69.63 0.16171132367196966 (47.106653985807164, 7.216847330313385) 21.0 -63.0 turn_to_on_spot 168.7516251035214 99.12162510352141 2 
2021-06-13 10:29:23.247741 [47.106693667, 7.216836] 79.57 0.0 (47.106653985807164, 7.216847330313385) 19.0 -58.0 turn_to_on_spot 168.7516251035214 89.18162510352136 2 
2021-06-13 10:29:23.349463 [47.106693833, 7.216836333] 84.11 0.21819010642914446 (47.106653985807164, 7.216847330313385) 18.0 -55.0 turn_to_on_spot 168.7516251035214 84.64162510352139 2 
2021-06-13 10:29:23.451125 [47.106693833, 7.216836333] 87.36 0.21819010642914446 (47.106653985807164, 7.216847330313385) 18.0 -53.0 turn_to_on_spot 168.7516251035214 81.39162510352139 2 
2021-06-13 10:29:23.552733 [47.106693833, 7.216836333] 92.07 0.21819010642914446 (47.106653985807164, 7.216847330313385) 17.0 -51.0 turn_to_on_spot 168.7516251035214 76.68162510352136 2 
2021-06-13 10:29:23.654454 [47.106693833, 7.216836333] 95.29 0.21819010642914446 (47.106653985807164, 7.216847330313385) 16.0 -49.0 turn_to_on_spot 168.7516251035214 73.46162510352144 2 
2021-06-13 10:29:23.756490 [47.106693833, 7.216836333] 100.42 0.21819010642914446 (47.106653985807164, 7.216847330313385) 15.0 -46.0 turn_to_on_spot 168.7516251035214 68.33162510352145 2 
2021-06-13 10:29:23.858261 [47.106693833, 7.216836333] 103.95 0.21819010642914446 (47.106653985807164, 7.216847330313385) 15.0 -44.0 turn_to_on_spot 168.7516251035214 64.80162510352136 2 
2021-06-13 10:29:23.959879 [47.106693833, 7.216836333] 109.01 0.21819010642914446 (47.106653985807164, 7.216847330313385) 14.0 -41.0 turn_to_on_spot 168.7516251035214 59.741625103521415 2 
2021-06-13 10:29:24.061493 [47.106693833, 7.216836333] 113.99 0.21819010642914446 (47.106653985807164, 7.216847330313385) 13.0 -38.0 turn_to_on_spot 168.7516251035214 54.761625103521396 2 
2021-06-13 10:29:24.163168 [47.106693833, 7.216836333] 115.74 0.0 (47.106653985807164, 7.216847330313385) 12.0 -37.0 turn_to_on_spot 168.7516251035214 53.011625103521396 2 
2021-06-13 10:29:24.266264 [47.106694333, 7.216837167] 124.17 1.7412342382016777 (47.106653985807164, 7.216847330313385) 11.0 -33.0 turn_to_on_spot 168.7516251035214 44.581625103521446 2 
2021-06-13 10:29:24.368981 [47.106694333, 7.216837167] 127.23 1.7412342382016777 (47.106653985807164, 7.216847330313385) 10.0 -31.0 turn_to_on_spot 168.7516251035214 41.52162510352139 2 
2021-06-13 10:29:24.470604 [47.106694333, 7.216837167] 130.23 1.7412342382016777 (47.106653985807164, 7.216847330313385) 10.0 -29.0 turn_to_on_spot 168.7516251035214 38.52162510352139 2 
2021-06-13 10:29:24.572233 [47.106694333, 7.216837167] 134.73 1.7412342382016777 (47.106653985807164, 7.216847330313385) 9.0 -27.0 turn_to_on_spot 168.7516251035214 34.02162510352139 2 
2021-06-13 10:29:24.673871 [47.106694333, 7.216837167] 139.19 1.7412342382016777 (47.106653985807164, 7.216847330313385) 8.0 -24.0 turn_to_on_spot 168.7516251035214 29.561625103521465 2 
2021-06-13 10:29:24.775644 [47.106694333, 7.216837167] 140.67 1.7412342382016777 (47.106653985807164, 7.216847330313385) 8.0 -24.0 turn_to_on_spot 168.7516251035214 28.081625103521446 2 
2021-06-13 10:29:24.877874 [47.106694333, 7.216837167] 146.62 1.7412342382016777 (47.106653985807164, 7.216847330313385) 7.0 -20.0 turn_to_on_spot 168.7516251035214 22.1316251035214 2 
2021-06-13 10:29:24.979480 [47.106694333, 7.216837167] 149.22 1.7412342382016777 (47.106653985807164, 7.216847330313385) 6.0 -19.0 turn_to_on_spot 168.7516251035214 19.531625103521378 2 
2021-06-13 10:29:25.081103 [47.106694333, 7.216837167] 151.99 1.7412342382016777 (47.106653985807164, 7.216847330313385) 6.0 -17.0 turn_to_on_spot 168.7516251035214 16.761625103521396 2 
2021-06-13 10:29:25.183719 [47.106695167, 7.216838] 154.76 15.028124666707805 (47.106653985807164, 7.216847330313385) 5.0 -16.0 turn_to_on_spot 168.7516251035214 13.991625103521415 2 
2021-06-13 10:29:25.286413 [47.106695167, 7.216838] 160.35 15.028124666707805 (47.106653985807164, 7.216847330313385) 4.0 -13.0 turn_to_on_spot 168.7516251035214 8.401625103521383 2 
2021-06-13 10:29:25.388980 [47.106695167, 7.216838] 161.78 15.028124666707805 (47.106653985807164, 7.216847330313385) 4.0 -12.0 turn_to_on_spot 168.7516251035214 6.971625103521433 2 
2021-06-13 10:29:25.490602 [47.106695167, 7.216838] 165.76 15.028124666707805 (47.106653985807164, 7.216847330313385) 3.0 -10.0 turn_to_on_spot 168.7516251035214 2.9916251035214145 1.9 
2021-06-13 10:29:25.592484 [47.106695167, 7.216838] 169.72 15.028124666707805 (47.106653985807164, 7.216847330313385) 2.0 -7.0 turn_to_on_spot 168.7516251035214 -0.9683748964786218 1.8 
2021-06-13 10:29:25.694290 [47.106695167, 7.216838] 172.36 15.028124666707805 (47.106653985807164, 7.216847330313385) 2.0 -6.0 turn_to_on_spot 168.7516251035214 -3.608374896478608 1.7 
2021-06-13 10:29:25.795984 [47.106695167, 7.216838] 175.06 15.028124666707805 (47.106653985807164, 7.216847330313385) 1.0 -4.0 turn_to_on_spot 168.7516251035214 -6.308374896478654 2 
2021-06-13 10:29:25.897764 [47.106695167, 7.216838] 178.51 15.028124666707805 (47.106653985807164, 7.216847330313385) 1.0 -3.0 turn_to_on_spot 168.7516251035214 -9.758374896478585 2 
2021-06-13 10:29:25.999350 [47.106695167, 7.216838] 180.83 15.028124666707805 (47.106653985807164, 7.216847330313385) 0.0 -1.0 turn_to_on_spot 168.7516251035214 -12.078374896478635 2 
2021-06-13 10:29:26.101111 [47.106695167, 7.216838] 184.48 15.028124666707805 (47.106653985807164, 7.216847330313385) -1.0 0.0 turn_to_on_spot 168.7516251035214 -15.728374896478613 2 
2021-06-13 10:29:26.203268 [47.1066955, 7.216839833] 186.59 0.0 (47.106653985807164, 7.216847330313385) -2.0 1.0 turn_to_on_spot 168.7516251035214 -17.838374896478626 2 
2021-06-13 10:29:26.323590 [47.1066955, 7.216839833] 190.71 0.0 (47.106653985807164, 7.216847330313385) -4.0 1.0 turn_to_on_spot 168.7516251035214 -21.95837489647863 2 
2021-06-13 10:29:26.425654 [47.1066955, 7.216839833] 192.98 0.0 (47.106653985807164, 7.216847330313385) -5.0 2.0 turn_to_on_spot 168.7516251035214 -24.228374896478613 2 
2021-06-13 10:29:26.527370 [47.1066955, 7.216839833] 195.5 0.0 (47.106653985807164, 7.216847330313385) -7.0 2.0 turn_to_on_spot 168.7516251035214 -26.748374896478595 2 
2021-06-13 10:29:26.628976 [47.1066955, 7.216839833] 199.0 0.0 (47.106653985807164, 7.216847330313385) -9.0 3.0 turn_to_on_spot 168.7516251035214 -30.248374896478595 2 
2021-06-13 10:29:26.730758 [47.1066955, 7.216839833] 200.73 0.0 (47.106653985807164, 7.216847330313385) -10.0 3.0 turn_to_on_spot 168.7516251035214 -31.978374896478613 2 
2021-06-13 10:29:26.832466 [47.1066955, 7.216839833] 203.27 0.0 (47.106653985807164, 7.216847330313385) -11.0 4.0 turn_to_on_spot 168.7516251035214 -34.518374896478576 2 
2021-06-13 10:29:26.934155 [47.1066955, 7.216839833] 205.73 0.0 (47.106653985807164, 7.216847330313385) -13.0 4.0 turn_to_on_spot 168.7516251035214 -36.97837489647861 2 
2021-06-13 10:29:27.035850 [47.1066955, 7.216839833] 206.98 0.0 (47.106653985807164, 7.216847330313385) -13.0 4.0 turn_to_on_spot 168.7516251035214 -38.22837489647861 2 
2021-06-13 10:29:27.137542 [47.1066955, 7.216839833] 209.67 0.0 (47.106653985807164, 7.216847330313385) -15.0 5.0 turn_to_on_spot 168.7516251035214 -40.918374896478554 2 
2021-06-13 10:29:27.239272 [47.1066955, 7.216839833] 212.46 0.0 (47.106653985807164, 7.216847330313385) -16.0 5.0 turn_to_on_spot 168.7516251035214 -43.70837489647863 2 
2021-06-13 10:29:27.342491 [47.106697167, 7.216844] 213.71 1.725215033290921 (47.106653985807164, 7.216847330313385) -17.0 6.0 turn_to_on_spot 168.7516251035214 -44.95837489647863 2 
2021-06-13 10:29:27.444395 [47.106697167, 7.216844] 214.81 1.725215033290921 (47.106653985807164, 7.216847330313385) -18.0 6.0 turn_to_on_spot 168.7516251035214 -46.0583748964786 2 
2021-06-13 10:29:27.545986 [47.106697167, 7.216844] 218.17 1.725215033290921 (47.106653985807164, 7.216847330313385) -19.0 6.0 turn_to_on_spot 168.7516251035214 -49.418374896478554 2 
2021-06-13 10:29:27.647753 [47.106697167, 7.216844] 219.4 1.725215033290921 (47.106653985807164, 7.216847330313385) -20.0 7.0 turn_to_on_spot 168.7516251035214 -50.64837489647857 2 
2021-06-13 10:29:27.749351 [47.106697167, 7.216844] 220.55 1.725215033290921 (47.106653985807164, 7.216847330313385) -21.0 7.0 turn_to_on_spot 168.7516251035214 -51.798374896478606 2 
2021-06-13 10:29:27.850930 [47.106697167, 7.216844] 221.77 1.725215033290921 (47.106653985807164, 7.216847330313385) -21.0 7.0 turn_to_on_spot 168.7516251035214 -53.018374896478576 2 
2021-06-13 10:29:27.952594 [47.106697167, 7.216844] 222.91 1.725215033290921 (47.106653985807164, 7.216847330313385) -22.0 7.0 turn_to_on_spot 168.7516251035214 -54.15837489647856 2 
2021-06-13 10:29:28.054269 [47.106697167, 7.216844] 225.03 1.725215033290921 (47.106653985807164, 7.216847330313385) -23.0 8.0 turn_to_on_spot 168.7516251035214 -56.27837489647857 2 
2021-06-13 10:29:28.156691 [47.106697167, 7.216844] 225.03 0.0 (47.106653985807164, 7.216847330313385) -23.0 8.0 turn_to_on_spot 168.7516251035214 -56.27837489647857 2 
2021-06-13 10:29:28.259113 [47.106697, 7.2168435] 226.18 0.5308639582497677 (47.106653985807164, 7.216847330313385) -24.0 8.0 turn_to_on_spot 168.7516251035214 -57.4283748964786 2 
2021-06-13 10:29:28.361264 [47.106697, 7.2168435] 227.3 0.5308639582497677 (47.106653985807164, 7.216847330313385) -25.0 8.0 turn_to_on_spot 168.7516251035214 -58.548374896478606 2 
2021-06-13 10:29:28.463084 [47.106697, 7.2168435] 227.3 0.5308639582497677 (47.106653985807164, 7.216847330313385) -25.0 8.0 turn_to_on_spot 168.7516251035214 -58.548374896478606 2 
2021-06-13 10:29:28.564842 [47.106697, 7.2168435] 228.31 0.5308639582497677 (47.106653985807164, 7.216847330313385) -25.0 8.0 turn_to_on_spot 168.7516251035214 -59.5583748964786 2 
2021-06-13 10:29:28.666441 [47.106697, 7.2168435] 228.31 0.5308639582497677 (47.106653985807164, 7.216847330313385) -25.0 8.0 turn_to_on_spot 168.7516251035214 -59.5583748964786 2 
2021-06-13 10:29:28.768089 [47.106697, 7.2168435] 229.36 0.5308639582497677 (47.106653985807164, 7.216847330313385) -26.0 9.0 turn_to_on_spot 168.7516251035214 -60.60837489647861 2 
2021-06-13 10:29:28.869724 [47.106697, 7.2168435] 229.36 0.5308639582497677 (47.106653985807164, 7.216847330313385) -26.0 9.0 turn_to_on_spot 168.7516251035214 -60.60837489647861 2 
2021-06-13 10:29:28.971369 [47.106697, 7.2168435] 229.36 0.5308639582497677 (47.106653985807164, 7.216847330313385) -26.0 9.0 turn_to_on_spot 168.7516251035214 -60.60837489647861 2 
2021-06-13 10:29:29.073093 [47.106697167, 7.216843167] 229.36 0.04017866382746074 (47.106653985807164, 7.216847330313385) -26.0 9.0 turn_to_on_spot 168.7516251035214 -60.60837489647861 2 
2021-06-13 10:29:29.174938 [47.106697167, 7.216843167] 229.36 0.0 (47.106653985807164, 7.216847330313385) -26.0 9.0 turn_to_on_spot 168.7516251035214 -60.60837489647861 2 
2021-06-13 10:29:29.277571 [47.106697167, 7.216843167] 229.36 0.0 (47.106653985807164, 7.216847330313385) -26.0 9.0 turn_to_on_spot 168.7516251035214 -60.60837489647861 2 
2021-06-13 10:29:29.379789 [47.106697167, 7.216843167] 229.36 0.0 (47.106653985807164, 7.216847330313385) -26.0 9.0 turn_to_on_spot 168.7516251035214 -60.60837489647861 2 
2021-06-13 10:29:29.481856 [47.106697167, 7.216843167] 229.36 0.0 (47.106653985807164, 7.216847330313385) -26.0 9.0 turn_to_on_spot 168.7516251035214 -60.60837489647861 2 
2021-06-13 10:29:29.583458 [47.106697167, 7.216843167] 229.36 0.0 (47.106653985807164, 7.216847330313385) -26.0 9.0 turn_to_on_spot 168.7516251035214 -60.60837489647861 2 
2021-06-13 10:29:29.684968 [47.106697167, 7.216843167] 229.36 0.0 (47.106653985807164, 7.216847330313385) -26.0 9.0 turn_to_on_spot 168.7516251035214 -60.60837489647861 2 
2021-06-13 10:29:29.786583 [47.106697167, 7.216843167] 228.33 0.0 (47.106653985807164, 7.216847330313385) -25.0 8.0 turn_to_on_spot 168.7516251035214 -59.578374896478635 2 
2021-06-13 10:29:29.888236 [47.106697167, 7.216843167] 227.28 0.0 (47.106653985807164, 7.216847330313385) -25.0 8.0 turn_to_on_spot 168.7516251035214 -58.52837489647857 2 
2021-06-13 10:29:29.989835 [47.106697667, 7.216843667] 226.28 0.08526692029734209 (47.106653985807164, 7.216847330313385) -24.0 8.0 turn_to_on_spot 168.7516251035214 -57.52837489647857 2 
2021-06-13 10:29:30.091463 [47.106697667, 7.216843667] 226.28 0.08526692029734209 (47.106653985807164, 7.216847330313385) -24.0 8.0 turn_to_on_spot 168.7516251035214 -57.52837489647857 2 
2021-06-13 10:29:30.193418 [47.106697667, 7.216843667] 225.28 0.0 (47.106653985807164, 7.216847330313385) -23.0 8.0 turn_to_on_spot 168.7516251035214 -56.52837489647857 2 
2021-06-13 10:29:30.295595 [47.106697667, 7.216843667] 224.15 0.0 (47.106653985807164, 7.216847330313385) -23.0 8.0 turn_to_on_spot 168.7516251035214 -55.39837489647857 2 
2021-06-13 10:29:30.397359 [47.106697667, 7.216843667] 223.0 0.0 (47.106653985807164, 7.216847330313385) -22.0 7.0 turn_to_on_spot 168.7516251035214 -54.248374896478595 2 
2021-06-13 10:29:30.498958 [47.106697667, 7.216843667] 221.86 0.0 (47.106653985807164, 7.216847330313385) -22.0 7.0 turn_to_on_spot 168.7516251035214 -53.10837489647861 2 
2021-06-13 10:29:30.600601 [47.106697667, 7.216843667] 220.8 0.0 (47.106653985807164, 7.216847330313385) -21.0 7.0 turn_to_on_spot 168.7516251035214 -52.048374896478606 2 
2021-06-13 10:29:30.702201 [47.106697667, 7.216843667] 220.8 0.0 (47.106653985807164, 7.216847330313385) -21.0 7.0 turn_to_on_spot 168.7516251035214 -52.048374896478606 2 
2021-06-13 10:29:30.803846 [47.106697667, 7.216843667] 219.6 0.0 (47.106653985807164, 7.216847330313385) -20.0 7.0 turn_to_on_spot 168.7516251035214 -50.84837489647862 2 
2021-06-13 10:29:30.905597 [47.106697667, 7.216843667] 218.41 0.0 (47.106653985807164, 7.216847330313385) -20.0 7.0 turn_to_on_spot 168.7516251035214 -49.65837489647856 2 
2021-06-13 10:29:31.007331 [47.106697667, 7.216843667] 217.41 0.0 (47.106653985807164, 7.216847330313385) -19.0 6.0 turn_to_on_spot 168.7516251035214 -48.65837489647856 2 
2021-06-13 10:29:31.110175 [47.106697667, 7.216843667] 216.24 0.0 (47.106653985807164, 7.216847330313385) -18.0 6.0 turn_to_on_spot 168.7516251035214 -47.488374896478604 2 
2021-06-13 10:29:31.212222 [47.106697667, 7.216843667] 215.15 0.0 (47.106653985807164, 7.216847330313385) -18.0 6.0 turn_to_on_spot 168.7516251035214 -46.39837489647857 2 
2021-06-13 10:29:31.314817 [47.106697667, 7.216843667] 213.01 0.0 (47.106653985807164, 7.216847330313385) -17.0 6.0 turn_to_on_spot 168.7516251035214 -44.258374896478585 2 
2021-06-13 10:29:31.416436 [47.106696667, 7.216843833] 211.8 0.42564806269831573 (47.106653985807164, 7.216847330313385) -16.0 5.0 turn_to_on_spot 168.7516251035214 -43.048374896478606 2 
2021-06-13 10:29:31.518093 [47.106696667, 7.216843833] 210.77 0.42564806269831573 (47.106653985807164, 7.216847330313385) -15.0 5.0 turn_to_on_spot 168.7516251035214 -42.018374896478576 2 
2021-06-13 10:29:31.619687 [47.106696667, 7.216843833] 209.71 0.42564806269831573 (47.106653985807164, 7.216847330313385) -15.0 5.0 turn_to_on_spot 168.7516251035214 -40.95837489647863 2 
2021-06-13 10:29:31.721351 [47.106696667, 7.216843833] 208.53 0.42564806269831573 (47.106653985807164, 7.216847330313385) -14.0 5.0 turn_to_on_spot 168.7516251035214 -39.77837489647857 2 
2021-06-13 10:29:31.822964 [47.106696667, 7.216843833] 207.51 0.42564806269831573 (47.106653985807164, 7.216847330313385) -14.0 5.0 turn_to_on_spot 168.7516251035214 -38.758374896478585 2 
2021-06-13 10:29:31.924801 [47.106696667, 7.216843833] 206.44 0.42564806269831573 (47.106653985807164, 7.216847330313385) -13.0 4.0 turn_to_on_spot 168.7516251035214 -37.68837489647859 2 
2021-06-13 10:29:32.026463 [47.106696667, 7.216843833] 205.29 0.42564806269831573 (47.106653985807164, 7.216847330313385) -12.0 4.0 turn_to_on_spot 168.7516251035214 -36.53837489647856 2 
2021-06-13 10:29:32.128571 [47.106696667, 7.216843833] 204.04 0.0 (47.106653985807164, 7.216847330313385) -12.0 4.0 turn_to_on_spot 168.7516251035214 -35.28837489647856 2 
2021-06-13 10:29:32.230987 [47.106696667, 7.216843833] 203.03 0.0 (47.106653985807164, 7.216847330313385) -11.0 4.0 turn_to_on_spot 168.7516251035214 -34.27837489647857 2 
2021-06-13 10:29:32.333430 [47.106696667, 7.216843833] 200.94 0.0 (47.106653985807164, 7.216847330313385) -10.0 3.0 turn_to_on_spot 168.7516251035214 -32.18837489647859 2 
2021-06-13 10:29:32.435323 [47.106697333, 7.2168445] 199.74 0.3533897635113647 (47.106653985807164, 7.216847330313385) -9.0 3.0 turn_to_on_spot 168.7516251035214 -30.988374896478604 2 
2021-06-13 10:29:32.536954 [47.106697333, 7.2168445] 198.58 0.3533897635113647 (47.106653985807164, 7.216847330313385) -9.0 3.0 turn_to_on_spot 168.7516251035214 -29.828374896478635 2 
2021-06-13 10:29:32.638549 [47.106697333, 7.2168445] 197.37 0.3533897635113647 (47.106653985807164, 7.216847330313385) -8.0 3.0 turn_to_on_spot 168.7516251035214 -28.6183748964786 2 
2021-06-13 10:29:32.740199 [47.106697333, 7.2168445] 196.22 0.3533897635113647 (47.106653985807164, 7.216847330313385) -7.0 2.0 turn_to_on_spot 168.7516251035214 -27.468374896478622 2 
2021-06-13 10:29:32.841835 [47.106697333, 7.2168445] 195.17 0.3533897635113647 (47.106653985807164, 7.216847330313385) -7.0 2.0 turn_to_on_spot 168.7516251035214 -26.418374896478554 2 
2021-06-13 10:29:32.943484 [47.106697333, 7.2168445] 193.96 0.3533897635113647 (47.106653985807164, 7.216847330313385) -6.0 2.0 turn_to_on_spot 168.7516251035214 -25.20837489647863 2 
2021-06-13 10:29:33.045201 [47.106697333, 7.2168445] 192.69 0.3533897635113647 (47.106653985807164, 7.216847330313385) -5.0 2.0 turn_to_on_spot 168.7516251035214 -23.938374896478535 2 
2021-06-13 10:29:33.147229 [47.106697333, 7.2168445] 192.69 0.0 (47.106653985807164, 7.216847330313385) -5.0 2.0 turn_to_on_spot 168.7516251035214 -23.938374896478535 2 
2021-06-13 10:29:33.249490 [47.106697333, 7.2168445] 191.62 0.0 (47.106653985807164, 7.216847330313385) -5.0 2.0 turn_to_on_spot 168.7516251035214 -22.8683748964786 2 
2021-06-13 10:29:33.351442 [47.106697333, 7.2168445] 190.51 0.0 (47.106653985807164, 7.216847330313385) -4.0 1.0 turn_to_on_spot 168.7516251035214 -21.758374896478585 2 
2021-06-13 10:29:33.453188 [47.106697333, 7.2168445] 189.36 0.0 (47.106653985807164, 7.216847330313385) -3.0 1.0 turn_to_on_spot 168.7516251035214 -20.608374896478608 2 
2021-06-13 10:29:33.555009 [47.106697333, 7.2168445] 188.28 0.0 (47.106653985807164, 7.216847330313385) -3.0 1.0 turn_to_on_spot 168.7516251035214 -19.528374896478567 2 
2021-06-13 10:29:33.656686 [47.106697667, 7.216845] 187.26 0.10596540863220887 (47.106653985807164, 7.216847330313385) -2.0 1.0 turn_to_on_spot 168.7516251035214 -18.508374896478585 2 
2021-06-13 10:29:33.758263 [47.106697667, 7.216845] 186.12 0.10596540863220887 (47.106653985807164, 7.216847330313385) -2.0 1.0 turn_to_on_spot 168.7516251035214 -17.3683748964786 2 
2021-06-13 10:29:33.859971 [47.106697667, 7.216845] 185.05 0.10596540863220887 (47.106653985807164, 7.216847330313385) -1.0 0.0 turn_to_on_spot 168.7516251035214 -16.298374896478663 2 
2021-06-13 10:29:33.961567 [47.106697667, 7.216845] 184.01 0.10596540863220887 (47.106653985807164, 7.216847330313385) 0.0 -0.0 turn_to_on_spot 168.7516251035214 -15.258374896478585 2 
2021-06-13 10:29:34.063363 [47.106697667, 7.216845] 183.01 0.10596540863220887 (47.106653985807164, 7.216847330313385) 0.0 -0.0 turn_to_on_spot 168.7516251035214 -14.258374896478585 2 
2021-06-13 10:29:34.165346 [47.106697667, 7.216845] 183.01 0.0 (47.106653985807164, 7.216847330313385) 0.0 -0.0 turn_to_on_spot 168.7516251035214 -14.258374896478585 2 
2021-06-13 10:29:34.267912 [47.106697667, 7.216845] 181.98 0.0 (47.106653985807164, 7.216847330313385) 0.0 -1.0 turn_to_on_spot 168.7516251035214 -13.228374896478613 2 
2021-06-13 10:29:34.375497 [47.106698, 7.216845667] 180.94 0.27716656083426167 (47.106653985807164, 7.216847330313385) 0.0 -1.0 turn_to_on_spot 168.7516251035214 -12.188374896478535 2 
2021-06-13 10:29:34.477337 [47.106698, 7.216845667] 179.9 0.27716656083426167 (47.106653985807164, 7.216847330313385) 1.0 -2.0 turn_to_on_spot 168.7516251035214 -11.148374896478572 2 
2021-06-13 10:29:34.584577 [47.106698, 7.216845667] 178.87 0.27716656083426167 (47.106653985807164, 7.216847330313385) 1.0 -2.0 turn_to_on_spot 168.7516251035214 -10.1183748964786 2 
2021-06-13 10:29:34.686211 [47.106698, 7.216845667] 177.87 0.27716656083426167 (47.106653985807164, 7.216847330313385) 1.0 -3.0 turn_to_on_spot 168.7516251035214 -9.1183748964786 2 
2021-06-13 10:29:34.787776 [47.106698, 7.216845667] 177.87 0.27716656083426167 (47.106653985807164, 7.216847330313385) 1.0 -3.0 turn_to_on_spot 168.7516251035214 -9.1183748964786 2 
2021-06-13 10:29:34.889587 [47.106698, 7.216845667] 176.71 0.27716656083426167 (47.106653985807164, 7.216847330313385) 1.0 -4.0 turn_to_on_spot 168.7516251035214 -7.958374896478631 2 
2021-06-13 10:29:34.991413 [47.106698, 7.216845667] 175.71 0.27716656083426167 (47.106653985807164, 7.216847330313385) 1.0 -4.0 turn_to_on_spot 168.7516251035214 -6.958374896478631 2 
2021-06-13 10:29:35.093049 [47.106698, 7.216845667] 174.7 0.27716656083426167 (47.106653985807164, 7.216847330313385) 2.0 -5.0 turn_to_on_spot 168.7516251035214 -5.948374896478526 2 
2021-06-13 10:29:35.195665 [47.106698, 7.216845667] 174.7 0.0 (47.106653985807164, 7.216847330313385) 2.0 -5.0 turn_to_on_spot 168.7516251035214 -5.948374896478526 2 
2021-06-13 10:29:35.298355 [47.106698, 7.216845667] 173.61 0.0 (47.106653985807164, 7.216847330313385) 2.0 -5.0 turn_to_on_spot 168.7516251035214 -4.858374896478608 1.9 
2021-06-13 10:29:35.401196 [47.106698, 7.216847167] 173.61 0.426232015459863 (47.106653985807164, 7.216847330313385) 2.0 -5.0 turn_to_on_spot 168.7516251035214 -4.858374896478608 1.8 
2021-06-13 10:29:35.503774 [47.106698, 7.216847167] 172.56 0.426232015459863 (47.106653985807164, 7.216847330313385) 2.0 -6.0 turn_to_on_spot 168.7516251035214 -3.8083748964786537 1.7 
2021-06-13 10:29:35.605592 [47.106698, 7.216847167] 172.56 0.426232015459863 (47.106653985807164, 7.216847330313385) 2.0 -6.0 turn_to_on_spot 168.7516251035214 -3.8083748964786537 1.6 
2021-06-13 10:29:35.707306 [47.106698, 7.216847167] 171.51 0.426232015459863 (47.106653985807164, 7.216847330313385) 2.0 -6.0 turn_to_on_spot 168.7516251035214 -2.7583748964785855 1.5 
2021-06-13 10:29:35.808986 [47.106698, 7.216847167] 171.51 0.426232015459863 (47.106653985807164, 7.216847330313385) 2.0 -6.0 turn_to_on_spot 168.7516251035214 -2.7583748964785855 1.4 
2021-06-13 10:29:35.910671 [47.106698, 7.216847167] 170.49 0.426232015459863 (47.106653985807164, 7.216847330313385) 2.0 -7.0 turn_to_on_spot 168.7516251035214 -1.7383748964786037 1.3 
2021-06-13 10:29:36.012358 [47.106698, 7.216847167] 170.49 0.426232015459863 (47.106653985807164, 7.216847330313385) 2.0 -7.0 turn_to_on_spot 168.7516251035214 -1.7383748964786037 1.2000000000000002 
2021-06-13 10:29:36.113936 [47.106698, 7.216847167] 170.49 0.426232015459863 (47.106653985807164, 7.216847330313385) 2.0 -7.0 turn_to_on_spot 168.7516251035214 -1.7383748964786037 1.1 
2021-06-13 10:29:36.216516 [47.106698, 7.216847167] 170.49 0.0 (47.106653985807164, 7.216847330313385) 2.0 -7.0 turn_to_on_spot 168.7516251035214 -1.7383748964786037 1.0 
2021-06-13 10:29:36.318821 [47.106699167, 7.216847] 169.45 1.5626976245063593 (47.106653985807164, 7.216847330313385) 3.0 -8.0 turn_to_on_spot 168.7516251035214 -0.6983748964785264 0.9000000000000001 
2021-06-13 10:29:36.420562 [47.106699167, 7.216847] 169.45 1.5626976245063593 (47.106653985807164, 7.216847330313385) 3.0 -8.0 turn_to_on_spot 168.7516251035214 -0.6983748964785264 0.8 
2021-06-13 10:29:36.522329 [47.106699167, 7.216847] 169.45 1.5626976245063593 (47.106653985807164, 7.216847330313385) 3.0 -8.0 turn_to_on_spot 168.7516251035214 -0.6983748964785264 0.7 
2021-06-13 10:29:36.623955 [47.106699167, 7.216847] 169.45 1.5626976245063593 (47.106653985807164, 7.216847330313385) 3.0 -8.0 turn_to_on_spot 168.7516251035214 -0.6983748964785264 0.5999999999999999 
2021-06-13 10:29:36.726936 [47.106699167, 7.216847] 168.37 1.5626976245063593 (47.106653985807164, 7.216847330313385) 3.0 -8.0 turn_to_on_spot 168.7516251035214 0.3816251035214009 0.4999999999999998 
2021-06-13 10:29:36.828542 [47.106699167, 7.216847] 168.37 1.5626976245063593 (47.106653985807164, 7.216847330313385) 3.0 -8.0 turn_to_on_spot 168.7516251035214 0.3816251035214009 0.3999999999999997 
2021-06-13 10:29:36.930343 [47.106699167, 7.216847] 168.37 1.5626976245063593 (47.106653985807164, 7.216847330313385) 3.0 -8.0 turn_to_on_spot 168.7516251035214 0.3816251035214009 0.2999999999999996 
2021-06-13 10:29:37.036167 [47.106699167, 7.216847] 168.37 1.5626976245063593 (47.106653985807164, 7.216847330313385) 3.0 -8.0 turn_to_on_spot 168.7516251035214 0.3816251035214009 0.1999999999999995 
2021-06-13 10:29:37.137851 [47.106699167, 7.216847] 168.37 0.0 (47.106653985807164, 7.216847330313385) 3.0 -8.0 turn_to_on_spot 168.7516251035214 0.3816251035214009 0.09999999999999942 
2021-06-13 10:29:37.239355 [47.106699167, 7.216847] 168.37 0.0 (47.106653985807164, 7.216847330313385) 0 0 throttle 
2021-06-13 10:29:37.239957 [47.106699167, 7.216847] 168.37 0.0 (47.106653985807164, 7.216847330313385) 70 70 throttle 
2021-06-13 10:29:37.240956 [47.106699167, 7.216847] 168.37 0.0 (47.106653985807164, 7.216847330313385) 70 60.0 turn_to 172.79450969580785 4.424509695807842 
2021-06-13 10:29:37.342423 [47.106699167, 7.216847] 168.37 0.0 (47.106653985807164, 7.216847330313385) 70 60.0 turn_to 172.79450969580785 4.424509695807842 
2021-06-13 10:29:37.443728 [47.106699, 7.216846833] 168.37 0.08112906029556245 (47.106653985807164, 7.216847330313385) 70 60.0 turn_to 172.79450969580785 4.424509695807842 
2021-06-13 10:29:37.544964 [47.106699, 7.216846833] 168.37 0.08112906029556245 (47.106653985807164, 7.216847330313385) 70 60.0 turn_to 172.79450969580785 4.424509695807842 
2021-06-13 10:29:37.646250 [47.106699, 7.216846833] 168.37 0.08112906029556245 (47.106653985807164, 7.216847330313385) 70 60.0 turn_to 172.79450969580785 4.424509695807842 
2021-06-13 10:29:37.747477 [47.106699, 7.216846833] 169.46 0.08112906029556245 (47.106653985807164, 7.216847330313385) 70 61.0 turn_to 172.79450969580785 3.33450969580781 
2021-06-13 10:29:37.848741 [47.106699, 7.216846833] 170.55 0.08112906029556245 (47.106653985807164, 7.216847330313385) 70 61.0 turn_to 172.79450969580785 2.244509695807892 
2021-06-13 10:29:37.949874 [47.106699, 7.216846833] 171.58 0.08112906029556245 (47.106653985807164, 7.216847330313385) 70 70 autonomous 179.71489665591753 4.424509695807834 
2021-06-13 10:29:38.051724 [47.106699, 7.216846833] 173.64 0.08112906029556245 (47.106653985807164, 7.216847330313385) 70 61.0 turn_to 177.20031339464364 3.5603133946436856 
2021-06-13 10:29:38.153168 [47.106699, 7.216846833] 173.64 0.08112906029556245 (47.106653985807164, 7.216847330313385) 70 61.0 turn_to 177.20031339464364 3.5603133946436856 
2021-06-13 10:29:38.255005 [47.106699, 7.216846833] 173.64 0.0 (47.106653985807164, 7.216847330313385) 70 61.0 turn_to 177.20031339464364 3.5603133946436856 
2021-06-13 10:29:38.357794 [47.106699, 7.216846833] 174.72 0.0 (47.106653985807164, 7.216847330313385) 70 61.0 turn_to 177.20031339464364 2.4803133946436446 
2021-06-13 10:29:38.459972 [47.1066985, 7.216846833] 178.47 0.28093538308616356 (47.106653985807164, 7.216847330313385) 70 70 autonomous 179.56916605767367 3.5603133946436643 
2021-06-13 10:29:38.561368 [47.1066985, 7.216846833] 180.8 0.28093538308616356 (47.106653985807164, 7.216847330313385) 70 70 autonomous 179.5643269556915 0.05684681250461554 
2021-06-13 10:29:38.662680 [47.1066985, 7.216846833] 180.8 0.28093538308616356 (47.106653985807164, 7.216847330313385) 70 70 autonomous 179.5643269556915 -0.5636792161718108 
2021-06-13 10:29:38.764146 [47.1066985, 7.216846833] 181.88 0.28093538308616356 (47.106653985807164, 7.216847330313385) 70 70 autonomous 179.5643269556915 -1.0808370976935966 
2021-06-13 10:29:38.865566 [47.1066985, 7.216846833] 183.06 0.28093538308616356 (47.106653985807164, 7.216847330313385) 70 70 autonomous 179.5643269556915 -1.5638792161718054 
2021-06-13 10:29:38.966824 [47.1066985, 7.216846833] 183.06 0.28093538308616356 (47.106653985807164, 7.216847330313385) 70 70 autonomous 179.5643269556915 -1.7788370976935983 
2021-06-13 10:29:39.068487 [47.1066985, 7.216846833] 184.16 0.28093538308616356 (47.106653985807164, 7.216847330313385) 61.0 70 turn_to 182.0491207838282 -2.1108792161718384 
2021-06-13 10:29:39.170016 [47.1066985, 7.216846833] 185.2 0.28093538308616356 (47.106653985807164, 7.216847330313385) 61.0 70 turn_to 182.0491207838282 -3.150879216171802 
2021-06-13 10:29:39.272051 [47.1066985, 7.216846833] 185.2 0.28093538308616356 (47.106653985807164, 7.216847330313385) 61.0 70 turn_to 182.0491207838282 -3.150879216171802 
2021-06-13 10:29:39.373886 [47.1066985, 7.216846833] 185.2 0.0 (47.106653985807164, 7.216847330313385) 61.0 70 turn_to 182.0491207838282 -3.150879216171802 
2021-06-13 10:29:39.475206 [47.1066985, 7.216846833] 185.2 0.0 (47.106653985807164, 7.216847330313385) 61.0 70 turn_to 182.0491207838282 -3.150879216171802 
2021-06-13 10:29:39.576359 [47.1066985, 7.216846833] 185.2 0.0 (47.106653985807164, 7.216847330313385) 61.0 70 turn_to 182.0491207838282 -3.150879216171802 
2021-06-13 10:29:39.677635 [47.106690333, 7.216845833] 185.2 2.8260523791565775 (47.106653985807164, 7.216847330313385) 61.0 70 turn_to 182.0491207838282 -3.150879216171802 
2021-06-13 10:29:39.778839 [47.106690333, 7.216845833] 185.2 2.8260523791565775 (47.106653985807164, 7.216847330313385) 61.0 70 turn_to 182.0491207838282 -3.150879216171802 
2021-06-13 10:29:39.880109 [47.106690333, 7.216845833] 185.2 2.8260523791565775 (47.106653985807164, 7.216847330313385) 61.0 70 turn_to 182.0491207838282 -3.150879216171802 
2021-06-13 10:29:39.981346 [47.106690333, 7.216845833] 185.2 2.8260523791565775 (47.106653985807164, 7.216847330313385) 61.0 70 turn_to 182.0491207838282 -3.150879216171802 
2021-06-13 10:29:40.082834 [47.106690333, 7.216845833] 185.2 2.8260523791565775 (47.106653985807164, 7.216847330313385) 61.0 70 turn_to 182.0491207838282 -3.150879216171802 
2021-06-13 10:29:40.184502 [47.106690333, 7.216845833] 185.2 0.0 (47.106653985807164, 7.216847330313385) 61.0 70 turn_to 182.0491207838282 -3.150879216171802 
2021-06-13 10:29:40.286330 [47.106686, 7.216844833] 185.2 4.730857647527136 (47.106653985807164, 7.216847330313385) 61.0 70 turn_to 182.0491207838282 -3.150879216171802 
2021-06-13 10:29:40.388058 [47.106686, 7.216844833] 185.2 4.730857647527136 (47.106653985807164, 7.216847330313385) 61.0 70 turn_to 182.0491207838282 -3.150879216171802 
2021-06-13 10:29:40.489711 [47.106686, 7.216844833] 185.2 4.730857647527136 (47.106653985807164, 7.216847330313385) 61.0 70 turn_to 182.0491207838282 -3.150879216171802 
2021-06-13 10:29:40.591228 [47.106686, 7.216844833] 185.2 4.730857647527136 (47.106653985807164, 7.216847330313385) 61.0 70 turn_to 182.0491207838282 -3.150879216171802 
2021-06-13 10:29:40.692482 [47.106686, 7.216844833] 185.2 4.730857647527136 (47.106653985807164, 7.216847330313385) 61.0 70 turn_to 182.0491207838282 -3.150879216171802 
2021-06-13 10:29:40.793722 [47.106686, 7.216844833] 185.2 4.730857647527136 (47.106653985807164, 7.216847330313385) 61.0 70 turn_to 182.0491207838282 -3.150879216171802 
2021-06-13 10:29:40.894956 [47.106686, 7.216844833] 185.2 4.730857647527136 (47.106653985807164, 7.216847330313385) 61.0 70 turn_to 182.0491207838282 -3.150879216171802 
2021-06-13 10:29:40.996080 [47.106686, 7.216844833] 185.2 4.730857647527136 (47.106653985807164, 7.216847330313385) 61.0 70 turn_to 182.0491207838282 -3.150879216171802 
2021-06-13 10:29:41.097190 [47.106686, 7.216844833] 185.2 4.730857647527136 (47.106653985807164, 7.216847330313385) 61.0 70 turn_to 182.0491207838282 -3.150879216171802 
2021-06-13 10:29:41.198806 [47.106681833, 7.216844] 185.2 7.571286894890102 (47.106653985807164, 7.216847330313385) 61.0 70 turn_to 182.0491207838282 -3.150879216171802 
2021-06-13 10:29:41.300565 [47.106681833, 7.216844] 185.2 7.571286894890102 (47.106653985807164, 7.216847330313385) 61.0 70 turn_to 182.0491207838282 -3.150879216171802 
2021-06-13 10:29:41.401727 [47.106681833, 7.216844] 185.2 7.571286894890102 (47.106653985807164, 7.216847330313385) 61.0 70 turn_to 182.0491207838282 -3.150879216171802 
2021-06-13 10:29:41.502839 [47.106681833, 7.216844] 185.2 7.571286894890102 (47.106653985807164, 7.216847330313385) 61.0 70 turn_to 182.0491207838282 -3.150879216171802 
2021-06-13 10:29:41.603984 [47.106681833, 7.216844] 185.2 7.571286894890102 (47.106653985807164, 7.216847330313385) 61.0 70 turn_to 182.0491207838282 -3.150879216171802 
2021-06-13 10:29:41.705327 [47.106681833, 7.216844] 185.2 7.571286894890102 (47.106653985807164, 7.216847330313385) 61.0 70 turn_to 182.0491207838282 -3.150879216171802 
2021-06-13 10:29:41.806434 [47.106681833, 7.216844] 185.2 7.571286894890102 (47.106653985807164, 7.216847330313385) 61.0 70 turn_to 182.0491207838282 -3.150879216171802 
2021-06-13 10:29:41.907543 [47.106681833, 7.216844] 185.2 7.571286894890102 (47.106653985807164, 7.216847330313385) 61.0 70 turn_to 182.0491207838282 -3.150879216171802 
2021-06-13 10:29:42.008716 [47.106681833, 7.216844] 185.2 7.571286894890102 (47.106653985807164, 7.216847330313385) 61.0 70 turn_to 182.0491207838282 -3.150879216171802 
2021-06-13 10:29:42.109963 [47.106681833, 7.216844] 185.2 0.0 (47.106653985807164, 7.216847330313385) 61.0 70 turn_to 182.0491207838282 -3.150879216171802 
2021-06-13 10:29:42.211308 [47.106677667, 7.216842833] 185.2 14.23977431921921 (47.106653985807164, 7.216847330313385) 61.0 70 turn_to 182.0491207838282 -3.150879216171802 
2021-06-13 10:29:42.313120 [47.106677667, 7.216842833] 185.2 14.23977431921921 (47.106653985807164, 7.216847330313385) 61.0 70 turn_to 182.0491207838282 -3.150879216171802 
2021-06-13 10:29:42.415207 [47.106677667, 7.216842833] 184.12 14.23977431921921 (47.106653985807164, 7.216847330313385) 61.0 70 turn_to 182.0491207838282 -2.070879216171761 
2021-06-13 10:29:42.516663 [47.106677667, 7.216842833] 183.05 14.23977431921921 (47.106653985807164, 7.216847330313385) 70 70 autonomous 179.5643269556915 -2.110879216171804 
2021-06-13 10:29:42.618540 [47.106677667, 7.216842833] 183.05 14.23977431921921 (47.106653985807164, 7.216847330313385) 60.0 70 turn_to 178.45154057651254 -4.598459423487498 
2021-06-13 10:29:42.719851 [47.106677667, 7.216842833] 181.99 14.23977431921921 (47.106653985807164, 7.216847330313385) 61.0 70 turn_to 178.45154057651254 -3.5384594234874385 
2021-06-13 10:29:42.821073 [47.106677667, 7.216842833] 181.99 14.23977431921921 (47.106653985807164, 7.216847330313385) 61.0 70 turn_to 178.45154057651254 -3.5384594234874385 
2021-06-13 10:29:42.922216 [47.106677667, 7.216842833] 180.94 14.23977431921921 (47.106653985807164, 7.216847330313385) 61.0 70 turn_to 178.45154057651254 -2.488459423487484 
2021-06-13 10:29:43.023476 [47.106677667, 7.216842833] 180.94 14.23977431921921 (47.106653985807164, 7.216847330313385) 61.0 70 turn_to 178.45154057651254 -2.488459423487484 
2021-06-13 10:29:43.126159 [47.106677667, 7.216842833] 180.94 0.0 (47.106653985807164, 7.216847330313385) 61.0 70 turn_to 178.45154057651254 -2.488459423487484 
2021-06-13 10:29:43.227975 [47.106677667, 7.216842833] 179.86 0.0 (47.106653985807164, 7.216847330313385) 70 70 autonomous 172.63478253057906 -4.5984594234874585 
2021-06-13 10:29:43.329607 [47.106677667, 7.216842833] 179.86 0.0 (47.106653985807164, 7.216847330313385) 60.0 70 turn_to 175.97344857127197 -3.886551428728012 
2021-06-13 10:29:43.431139 [47.106677667, 7.216842833] 178.83 0.0 (47.106653985807164, 7.216847330313385) 61.0 70 turn_to 175.97344857127197 -2.8565514287280394 
2021-06-13 10:29:43.532661 [47.106677667, 7.216842833] 178.83 0.0 (47.106653985807164, 7.216847330313385) 61.0 70 turn_to 175.97344857127197 -2.8565514287280394 
2021-06-13 10:29:43.633951 [47.106677667, 7.216842833] 178.83 0.0 (47.106653985807164, 7.216847330313385) 61.0 70 turn_to 175.97344857127197 -2.8565514287280394 
2021-06-13 10:29:43.735206 [47.106677667, 7.216842833] 178.83 0.0 (47.106653985807164, 7.216847330313385) 61.0 70 turn_to 175.97344857127197 -2.8565514287280394 
2021-06-13 10:29:43.836287 [47.106677667, 7.216842833] 178.83 0.0 (47.106653985807164, 7.216847330313385) 61.0 70 turn_to 175.97344857127197 -2.8565514287280394 
2021-06-13 10:29:43.937390 [47.106677667, 7.216842833] 177.82 0.0 (47.106653985807164, 7.216847330313385) 70 70 autonomous 172.63478253057906 -3.8865514287280387 
2021-06-13 10:29:44.038979 [47.106677667, 7.216842833] 176.81 0.0 (47.106653985807164, 7.216847330313385) 61.0 70 turn_to 174.4140861340013 -2.3959138659986365 
2021-06-13 10:29:44.140910 [47.106677667, 7.216842833] 175.72 0.0 (47.106653985807164, 7.216847330313385) 61.0 70 turn_to 174.4140861340013 -2.3959138659986365 
2021-06-13 10:29:44.242101 [47.106677667, 7.216842833] 175.72 0.0 (47.106653985807164, 7.216847330313385) 70 70 autonomous 172.63478253057906 -2.3959138659987014 
2021-06-13 10:29:44.343517 [47.106677667, 7.216842833] 174.63 0.0 (47.106653985807164, 7.216847330313385) 70 70 autonomous 172.63478253057906 -1.1923514287280303 
2021-06-13 10:29:44.447191 [47.106651333, 7.216838833] 174.63 9.211934689835822 (47.106653985807164, 7.216847330313385) 45.0 70 turn_to 131.02249724669798 -43.607502753302015 
2021-06-13 10:29:44.548894 [47.106651333, 7.216838833] 174.63 9.211934689835822 (47.106653985807164, 7.216847330313385) 45.0 70 turn_to 131.02249724669798 -43.607502753302015 
2021-06-13 10:29:44.650731 [47.106651333, 7.216838833] 174.63 9.211934689835822 (47.106653985807164, 7.216847330313385) 45.0 70 turn_to 131.02249724669798 -43.607502753302015 
2021-06-13 10:29:44.751962 [47.106651333, 7.216838833] 174.63 9.211934689835822 (47.106653985807164, 7.216847330313385) 45.0 70 turn_to 131.02249724669798 -43.607502753302015 
2021-06-13 10:29:44.853215 [47.106651333, 7.216838833] 173.58 9.211934689835822 (47.106653985807164, 7.216847330313385) 45.0 70 turn_to 131.02249724669798 -42.55750275330206 
2021-06-13 10:29:44.954497 [47.106651333, 7.216838833] 173.58 9.211934689835822 (47.106653985807164, 7.216847330313385) 45.0 70 turn_to 131.02249724669798 -42.55750275330206 
2021-06-13 10:29:45.055708 [47.106651333, 7.216838833] 172.51 9.211934689835822 (47.106653985807164, 7.216847330313385) 46.0 70 turn_to 131.02249724669798 -41.48750275330201 
2021-06-13 10:29:45.156790 [47.106651333, 7.216838833] 172.51 0.0 (47.106653985807164, 7.216847330313385) 46.0 70 turn_to 131.02249724669798 -41.48750275330201 
2021-06-13 10:29:45.257920 [47.106651333, 7.216838833] 171.41 0.0 (47.106653985807164, 7.216847330313385) 46.0 70 turn_to 131.02249724669798 -40.38750275330199 
2021-06-13 10:29:45.359400 [47.106651333, 7.216838833] 170.28 0.0 (47.106653985807164, 7.216847330313385) 47.0 70 turn_to 131.02249724669798 -39.25750275330199 
2021-06-13 10:29:45.461033 [47.106651333, 7.216838833] 169.26 0.0 (47.106653985807164, 7.216847330313385) 47.0 70 turn_to 131.02249724669798 -38.23750275330201 
2021-06-13 10:29:45.565455 [47.1066475, 7.216838833] 168.09 1.2315727584480538 (47.106653985807164, 7.216847330313385) 48.0 70 turn_to 131.02249724669798 -37.06750275330205 
2021-06-13 10:29:45.666780 [47.1066475, 7.216838833] 166.86 1.2315727584480538 (47.106653985807164, 7.216847330313385) 48.0 70 turn_to 131.02249724669798 -35.83750275330203 
2021-06-13 10:29:45.767970 [47.1066475, 7.216838833] 165.6 1.2315727584480538 (47.106653985807164, 7.216847330313385) 49.0 70 turn_to 131.02249724669798 -34.57750275330204 
2021-06-13 10:29:45.869539 [47.1066475, 7.216838833] 164.47 1.2315727584480538 (47.106653985807164, 7.216847330313385) 49.0 70 turn_to 131.02249724669798 -33.44750275330205 
2021-06-13 10:29:45.970877 [47.1066475, 7.216838833] 163.26 1.2315727584480538 (47.106653985807164, 7.216847330313385) 49.0 70 turn_to 131.02249724669798 -32.23750275330201 
2021-06-13 10:29:46.072087 [47.1066475, 7.216838833] 160.94 1.2315727584480538 (47.106653985807164, 7.216847330313385) 50.0 70 turn_to 131.02249724669798 -29.917502753302017 
2021-06-13 10:29:46.173351 [47.1066475, 7.216838833] 159.85 0.0 (47.106653985807164, 7.216847330313385) 51.0 70 turn_to 131.02249724669798 -28.827502753302042 
2021-06-13 10:29:46.274753 [47.1066475, 7.216838833] 158.67 0.0 (47.106653985807164, 7.216847330313385) 51.0 70 turn_to 131.02249724669798 -27.64750275330198 
2021-06-13 10:29:46.376008 [47.1066475, 7.216838833] 156.34 0.0 (47.106653985807164, 7.216847330313385) 52.0 70 turn_to 131.02249724669798 -25.31750275330205 
2021-06-13 10:29:46.477567 [47.1066475, 7.216838833] 155.27 0.0 (47.106653985807164, 7.216847330313385) 53.0 70 turn_to 131.02249724669798 -24.247502753302 
2021-06-13 10:29:46.579113 [47.1066475, 7.216838833] 154.25 0.0 (47.106653985807164, 7.216847330313385) 53.0 70 turn_to 131.02249724669798 -23.22750275330202 
2021-06-13 10:29:46.680486 [47.1066475, 7.216838833] 152.16 0.0 (47.106653985807164, 7.216847330313385) 54.0 70 turn_to 131.02249724669798 -21.137502753301987 
2021-06-13 10:29:46.781699 [47.1066475, 7.216838833] 151.15 0.0 (47.106653985807164, 7.216847330313385) 54.0 70 turn_to 131.02249724669798 -20.127502753301997 
2021-06-13 10:29:46.882829 [47.1066475, 7.216838833] 149.92 0.0 (47.106653985807164, 7.216847330313385) 55.0 70 turn_to 131.02249724669798 -18.89750275330198 
2021-06-13 10:29:46.984103 [47.1066475, 7.216838833] 149.92 0.0 (47.106653985807164, 7.216847330313385) 55.0 70 turn_to 131.02249724669798 -18.89750275330198 
2021-06-13 10:29:47.085347 [47.1066475, 7.216838833] 147.58 0.0 (47.106653985807164, 7.216847330313385) 56.0 70 turn_to 131.02249724669798 -16.55750275330206 
2021-06-13 10:29:47.186594 [47.1066475, 7.216838833] 146.42 0.0 (47.106653985807164, 7.216847330313385) 56.0 70 turn_to 131.02249724669798 -15.397502753301978 
2021-06-13 10:29:47.287837 [47.1066475, 7.216838833] 146.42 0.0 (47.106653985807164, 7.216847330313385) 56.0 70 turn_to 131.02249724669798 -15.397502753301978 
2021-06-13 10:29:47.389254 [47.1066475, 7.216838833] 144.19 0.0 (47.106653985807164, 7.216847330313385) 57.0 70 turn_to 131.02249724669798 -13.16750275330196 
2021-06-13 10:29:47.490728 [47.1066475, 7.216838833] 144.19 0.0 (47.106653985807164, 7.216847330313385) 57.0 70 turn_to 131.02249724669798 -13.16750275330196 
2021-06-13 10:29:47.592623 [47.1066475, 7.216838833] 143.08 0.0 (47.106653985807164, 7.216847330313385) 57.0 70 turn_to 131.02249724669798 -12.05750275330206 
2021-06-13 10:29:47.694474 [47.1066475, 7.216838833] 141.99 0.0 (47.106653985807164, 7.216847330313385) 58.0 70 turn_to 131.02249724669798 -10.967502753302028 
2021-06-13 10:29:47.795719 [47.1066475, 7.216838833] 140.91 0.0 (47.106653985807164, 7.216847330313385) 58.0 70 turn_to 131.02249724669798 -9.887502753301987 
2021-06-13 10:29:47.896977 [47.1066475, 7.216838833] 139.83 0.0 (47.106653985807164, 7.216847330313385) 59.0 70 turn_to 131.02249724669798 -8.80750275330206 
2021-06-13 10:29:47.998218 [47.106620667, 7.216845667] 139.83 3.560881470209135 (47.106653985807164, 7.216847330313385) 59.0 70 turn_to 131.02249724669798 -8.80750275330206 
2021-06-13 10:29:48.099365 [47.106620667, 7.216845667] 138.83 0.0 (47.106653985807164, 7.216847330313385) 59.0 70 turn_to 131.02249724669798 -7.80750275330206 
2021-06-13 10:29:48.201775 [47.106620667, 7.216845667] 138.83 0.0 (47.106653985807164, 7.216847330313385) 59.0 70 turn_to 131.02249724669798 -7.80750275330206 
2021-06-13 10:29:48.303531 [47.106620667, 7.216845667] 137.7 0.0 (47.106653985807164, 7.216847330313385) 59.0 70 turn_to 131.02249724669798 -6.677502753301951 
2021-06-13 10:29:48.404742 [47.106620667, 7.216845667] 136.54 0.0 (47.106653985807164, 7.216847330313385) 70 70 autonomous 65.36004748410022 -43.60750275330201 
2021-06-13 10:29:48.506944 [47.106620667, 7.216845667] 135.47 0.0 (47.106634816925435, 7.21682989595479) 0 0 throttle 
2021-06-13 10:29:48.508801 [47.106620667, 7.216845667] 135.47 0.0 (47.106634816925435, 7.21682989595479) 70 70 throttle 
2021-06-13 10:29:48.510051 [47.106620667, 7.216845667] 135.47 0.0 (47.106634816925435, 7.21682989595479) 70 70 End autonomous drive 
2021-06-13 10:29:50.629234 [47.106613167, 7.216853167] 148.34 0.0 (47.106634816925435, 7.21682989595479) 0 0 throttle 
2021-06-13 10:30:10.787959 [47.106610667, 7.216820333] 204.24 0.24601546952501835 (47.106634816925435, 7.21682989595479) 0 0 Started autonomous drive 
2021-06-13 10:30:10.790720 [47.106610667, 7.216820333] 204.24 0.24601546952501835 (47.106653985807164, 7.216847330313385) 36.0 -100 turn_to_on_spot 22.986094544392188 178.74609454439218 2 
2021-06-13 10:30:10.892233 [47.106610667, 7.216820333] 203.21 0.24601546952501835 (47.106653985807164, 7.216847330313385) 36.0 -100 turn_to_on_spot 22.986094544392188 179.7760945443922 2 
2021-06-13 10:30:10.993857 [47.106610667, 7.216820333] 203.21 0.24601546952501835 (47.106653985807164, 7.216847330313385) 36.0 -100 turn_to_on_spot 22.986094544392188 179.7760945443922 2 
2021-06-13 10:30:11.096279 [47.106610667, 7.216820333] 203.21 0.24601546952501835 (47.106653985807164, 7.216847330313385) 36.0 -100 turn_to_on_spot 22.986094544392188 179.7760945443922 2 
2021-06-13 10:30:11.198632 [47.106610667, 7.216820333] 204.3 0.0 (47.106653985807164, 7.216847330313385) 36.0 -100 turn_to_on_spot 22.986094544392188 178.68609454439218 2 
2021-06-13 10:30:11.301482 [47.106610667, 7.216820333] 205.5 0.0 (47.106653985807164, 7.216847330313385) 36.0 -100 turn_to_on_spot 22.986094544392188 177.4860945443922 2 
2021-06-13 10:30:11.404221 [47.106610667, 7.216820333] 207.91 0.0 (47.106653985807164, 7.216847330313385) 35.0 -100 turn_to_on_spot 22.986094544392188 175.07609454439216 2 
2021-06-13 10:30:11.505901 [47.106610167, 7.216818833] 211.3 0.4463252583883297 (47.106653985807164, 7.216847330313385) 34.0 -100 turn_to_on_spot 22.986094544392188 171.68609454439218 2 
2021-06-13 10:30:11.607681 [47.106610167, 7.216818833] 213.84 0.4463252583883297 (47.106653985807164, 7.216847330313385) 34.0 -100 turn_to_on_spot 22.986094544392188 169.1460945443922 2 
2021-06-13 10:30:11.709222 [47.106610167, 7.216818833] 216.59 0.4463252583883297 (47.106653985807164, 7.216847330313385) 33.0 -100.0 turn_to_on_spot 22.986094544392188 166.3960945443922 2 
2021-06-13 10:30:11.810791 [47.106610167, 7.216818833] 221.34 0.4463252583883297 (47.106653985807164, 7.216847330313385) 33.0 -98.0 turn_to_on_spot 22.986094544392188 161.6460945443922 2 
2021-06-13 10:30:11.912543 [47.106610167, 7.216818833] 223.02 0.4463252583883297 (47.106653985807164, 7.216847330313385) 32.0 -97.0 turn_to_on_spot 22.986094544392188 159.96609454439215 2 
2021-06-13 10:30:12.014252 [47.106610167, 7.216818833] 230.17 0.4463252583883297 (47.106653985807164, 7.216847330313385) 31.0 -93.0 turn_to_on_spot 22.986094544392188 152.81609454439217 2 
2021-06-13 10:30:12.116989 [47.106610167, 7.216818833] 235.67 0.4463252583883297 (47.106653985807164, 7.216847330313385) 30.0 -90.0 turn_to_on_spot 22.986094544392188 147.31609454439217 2 
2021-06-13 10:30:12.220359 [47.106610167, 7.216818833] 237.5 0.0 (47.106653985807164, 7.216847330313385) 30.0 -89.0 turn_to_on_spot 22.986094544392188 145.4860945443922 2 
2021-06-13 10:30:12.322730 [47.106610167, 7.216818833] 241.24 0.0 (47.106653985807164, 7.216847330313385) 29.0 -87.0 turn_to_on_spot 22.986094544392188 141.74609454439218 2 
2021-06-13 10:30:12.425440 [47.1066045, 7.216811333] 246.78 6.321623106590807 (47.106653985807164, 7.216847330313385) 28.0 -84.0 turn_to_on_spot 22.986094544392188 136.20609454439216 2 
2021-06-13 10:30:12.527948 [47.1066045, 7.216811333] 252.34 6.321623106590807 (47.106653985807164, 7.216847330313385) 27.0 -81.0 turn_to_on_spot 22.986094544392188 130.6460945443922 2 
2021-06-13 10:30:12.631881 [47.1066045, 7.216811333] 256.12 6.321623106590807 (47.106653985807164, 7.216847330313385) 26.0 -78.0 turn_to_on_spot 22.986094544392188 126.86609454439218 2 
2021-06-13 10:30:12.734415 [47.1066045, 7.216811333] 264.02 6.321623106590807 (47.106653985807164, 7.216847330313385) 25.0 -74.0 turn_to_on_spot 22.986094544392188 118.9660945443922 2 
2021-06-13 10:30:12.836224 [47.1066045, 7.216811333] 269.79 6.321623106590807 (47.106653985807164, 7.216847330313385) 24.0 -71.0 turn_to_on_spot 22.986094544392188 113.19609454439217 2 
2021-06-13 10:30:12.938423 [47.1066045, 7.216811333] 272.77 6.321623106590807 (47.106653985807164, 7.216847330313385) 23.0 -69.0 turn_to_on_spot 22.986094544392188 110.2160945443922 2 
2021-06-13 10:30:13.040268 [47.1066045, 7.216811333] 280.33 6.321623106590807 (47.106653985807164, 7.216847330313385) 22.0 -65.0 turn_to_on_spot 22.986094544392188 102.6560945443922 2 
2021-06-13 10:30:13.141890 [47.1066045, 7.216811333] 284.15 6.321623106590807 (47.106653985807164, 7.216847330313385) 21.0 -63.0 turn_to_on_spot 22.986094544392188 98.83609454439221 2 
2021-06-13 10:30:13.243500 [47.1066045, 7.216811333] 287.98 0.0 (47.106653985807164, 7.216847330313385) 20.0 -61.0 turn_to_on_spot 22.986094544392188 95.00609454439217 2 
2021-06-13 10:30:13.345307 [47.106604167, 7.216809833] 291.78 1.5581758631489762 (47.106653985807164, 7.216847330313385) 20.0 -59.0 turn_to_on_spot 22.986094544392188 91.20609454439222 2 
2021-06-13 10:30:13.446925 [47.106604167, 7.216809833] 297.46 1.5581758631489762 (47.106653985807164, 7.216847330313385) 19.0 -56.0 turn_to_on_spot 22.986094544392188 85.52609454439221 2 
2021-06-13 10:30:13.548524 [47.106604167, 7.216809833] 301.16 1.5581758631489762 (47.106653985807164, 7.216847330313385) 18.0 -53.0 turn_to_on_spot 22.986094544392188 81.82609454439216 2 
2021-06-13 10:30:13.650432 [47.106604167, 7.216809833] 308.71 1.5581758631489762 (47.106653985807164, 7.216847330313385) 16.0 -49.0 turn_to_on_spot 22.986094544392188 74.27609454439221 2 
2021-06-13 10:30:13.752287 [47.106604167, 7.216809833] 312.25 1.5581758631489762 (47.106653985807164, 7.216847330313385) 16.0 -47.0 turn_to_on_spot 22.986094544392188 70.73609454439219 2 
2021-06-13 10:30:13.854516 [47.106604167, 7.216809833] 317.36 1.5581758631489762 (47.106653985807164, 7.216847330313385) 15.0 -44.0 turn_to_on_spot 22.986094544392188 65.62609454439217 2 
2021-06-13 10:30:13.956418 [47.106604167, 7.216809833] 320.76 1.5581758631489762 (47.106653985807164, 7.216847330313385) 14.0 -43.0 turn_to_on_spot 22.986094544392188 62.2260945443922 2 
2021-06-13 10:30:14.058949 [47.106604167, 7.216809833] 324.11 1.5581758631489762 (47.106653985807164, 7.216847330313385) 14.0 -41.0 turn_to_on_spot 22.986094544392188 58.876094544392174 2 
2021-06-13 10:30:14.161567 [47.106604167, 7.216809833] 329.0 0.0 (47.106653985807164, 7.216847330313385) 13.0 -38.0 turn_to_on_spot 22.986094544392188 53.98609454439219 2 
2021-06-13 10:30:14.264204 [47.106604, 7.216807667] 333.77 2.2253626796927444 (47.106653985807164, 7.216847330313385) 12.0 -35.0 turn_to_on_spot 22.986094544392188 49.216094544392206 2 
2021-06-13 10:30:14.365985 [47.106604, 7.216807667] 336.99 2.2253626796927444 (47.106653985807164, 7.216847330313385) 11.0 -34.0 turn_to_on_spot 22.986094544392188 45.99609454439218 2 
2021-06-13 10:30:14.467584 [47.106604, 7.216807667] 341.5 2.2253626796927444 (47.106653985807164, 7.216847330313385) 10.0 -31.0 turn_to_on_spot 22.986094544392188 41.48609454439219 2 
2021-06-13 10:30:14.569207 [47.106604, 7.216807667] 344.34 2.2253626796927444 (47.106653985807164, 7.216847330313385) 10.0 -29.0 turn_to_on_spot 22.986094544392188 38.64609454439221 2 
2021-06-13 10:30:14.670894 [47.106604, 7.216807667] 348.54 2.2253626796927444 (47.106653985807164, 7.216847330313385) 9.0 -27.0 turn_to_on_spot 22.986094544392188 34.44609454439217 2 
2021-06-13 10:30:14.772621 [47.106604, 7.216807667] 351.14 2.2253626796927444 (47.106653985807164, 7.216847330313385) 9.0 -26.0 turn_to_on_spot 22.986094544392188 31.8460945443922 2 
2021-06-13 10:30:14.874267 [47.106604, 7.216807667] 354.67 2.2253626796927444 (47.106653985807164, 7.216847330313385) 8.0 -24.0 turn_to_on_spot 22.986094544392188 28.316094544392172 2 
2021-06-13 10:30:14.975886 [47.106604, 7.216807667] 358.33 2.2253626796927444 (47.106653985807164, 7.216847330313385) 7.0 -22.0 turn_to_on_spot 22.986094544392188 24.656094544392204 2 
2021-06-13 10:30:15.077508 [47.106604, 7.216807667] 0.77 2.2253626796927444 (47.106653985807164, 7.216847330313385) 7.0 -20.0 turn_to_on_spot 22.986094544392188 22.21609454439215 2 
2021-06-13 10:30:15.179680 [47.106604667, 7.216806167] 3.04 0.0 (47.106653985807164, 7.216847330313385) 6.0 -19.0 turn_to_on_spot 22.986094544392188 19.946094544392167 2 
2021-06-13 10:30:15.281774 [47.106604667, 7.216806167] 5.22 0.0 (47.106653985807164, 7.216847330313385) 6.0 -18.0 turn_to_on_spot 22.986094544392188 17.766094544392217 2 
2021-06-13 10:30:15.383655 [47.106604667, 7.216806167] 9.19 0.0 (47.106653985807164, 7.216847330313385) 5.0 -16.0 turn_to_on_spot 22.986094544392188 13.79609454439219 2 
2021-06-13 10:30:15.485374 [47.106604667, 7.216806167] 10.65 0.0 (47.106653985807164, 7.216847330313385) 5.0 -15.0 turn_to_on_spot 22.986094544392188 12.336094544392154 2 
2021-06-13 10:30:15.587019 [47.106604667, 7.216806167] 14.21 0.0 (47.106653985807164, 7.216847330313385) 4.0 -13.0 turn_to_on_spot 22.986094544392188 8.776094544392208 2 
2021-06-13 10:30:15.688668 [47.106604667, 7.216806167] 16.71 0.0 (47.106653985807164, 7.216847330313385) 4.0 -11.0 turn_to_on_spot 22.986094544392188 6.276094544392208 2 
2021-06-13 10:30:15.790401 [47.106604667, 7.216806167] 19.26 0.0 (47.106653985807164, 7.216847330313385) 3.0 -10.0 turn_to_on_spot 22.986094544392188 3.72609454439214 1.9 
2021-06-13 10:30:15.892109 [47.106604667, 7.216806167] 21.81 0.0 (47.106653985807164, 7.216847330313385) 3.0 -9.0 turn_to_on_spot 22.986094544392188 1.1760945443921855 1.8 
2021-06-13 10:30:15.993838 [47.106604667, 7.216806167] 23.06 0.0 (47.106653985807164, 7.216847330313385) 3.0 -8.0 turn_to_on_spot 22.986094544392188 -0.07390545560781447 1.7 
2021-06-13 10:30:16.096099 [47.106604667, 7.216806167] 25.48 0.0 (47.106653985807164, 7.216847330313385) 2.0 -7.0 turn_to_on_spot 22.986094544392188 -2.4939054556077735 1.6 
2021-06-13 10:30:16.198430 [47.106604667, 7.216806167] 26.64 0.0 (47.106653985807164, 7.216847330313385) 2.0 -6.0 turn_to_on_spot 22.986094544392188 -3.6539054556078554 1.5 
2021-06-13 10:30:16.300582 [47.106604667, 7.216806167] 28.82 0.0 (47.106653985807164, 7.216847330313385) 2.0 -5.0 turn_to_on_spot 22.986094544392188 -5.833905455607805 2 
2021-06-13 10:30:16.402214 [47.106604667, 7.216806167] 31.08 0.0 (47.106653985807164, 7.216847330313385) 1.0 -4.0 turn_to_on_spot 22.986094544392188 -8.093905455607796 2 
2021-06-13 10:30:16.503990 [47.106604667, 7.216806167] 33.44 0.0 (47.106653985807164, 7.216847330313385) 1.0 -2.0 turn_to_on_spot 22.986094544392188 -10.45390545560781 2 
2021-06-13 10:30:16.605738 [47.106602333, 7.216805333] 34.57 0.5615531609460622 (47.106653985807164, 7.216847330313385) 1.0 -2.0 turn_to_on_spot 22.986094544392188 -11.583905455607805 2 
2021-06-13 10:30:16.707468 [47.106602333, 7.216805333] 35.6 0.5615531609460622 (47.106653985807164, 7.216847330313385) 0.0 -1.0 turn_to_on_spot 22.986094544392188 -12.613905455607778 2 
2021-06-13 10:30:16.809122 [47.106602333, 7.216805333] 37.83 0.5615531609460622 (47.106653985807164, 7.216847330313385) 0.0 -0.0 turn_to_on_spot 22.986094544392188 -14.843905455607796 2 
2021-06-13 10:30:16.910715 [47.106602333, 7.216805333] 39.06 0.5615531609460622 (47.106653985807164, 7.216847330313385) -1.0 0.0 turn_to_on_spot 22.986094544392188 -16.073905455607814 2 
2021-06-13 10:30:17.012505 [47.106602333, 7.216805333] 40.12 0.5615531609460622 (47.106653985807164, 7.216847330313385) -2.0 1.0 turn_to_on_spot 22.986094544392188 -17.13390545560776 2 
2021-06-13 10:30:17.115197 [47.106602333, 7.216805333] 42.3 0.5615531609460622 (47.106653985807164, 7.216847330313385) -3.0 1.0 turn_to_on_spot 22.986094544392188 -19.313905455607824 2 
2021-06-13 10:30:17.217675 [47.106602333, 7.216805333] 43.44 0.0 (47.106653985807164, 7.216847330313385) -3.0 1.0 turn_to_on_spot 22.986094544392188 -20.45390545560781 2 
2021-06-13 10:30:17.320580 [47.106602333, 7.216805333] 44.53 0.0 (47.106653985807164, 7.216847330313385) -4.0 1.0 turn_to_on_spot 22.986094544392188 -21.54390545560784 2 
2021-06-13 10:30:17.423934 [47.106602333, 7.216805333] 45.55 0.0 (47.106653985807164, 7.216847330313385) -5.0 2.0 turn_to_on_spot 22.986094544392188 -22.563905455607824 2 
2021-06-13 10:30:17.526928 [47.106602333, 7.216805333] 46.72 0.0 (47.106653985807164, 7.216847330313385) -5.0 2.0 turn_to_on_spot 22.986094544392188 -23.733905455607783 2 
2021-06-13 10:30:17.628640 [47.106602333, 7.216805333] 47.75 0.0 (47.106653985807164, 7.216847330313385) -6.0 2.0 turn_to_on_spot 22.986094544392188 -24.763905455607755 2 
2021-06-13 10:30:17.730306 [47.106602333, 7.216805333] 48.81 0.0 (47.106653985807164, 7.216847330313385) -6.0 2.0 turn_to_on_spot 22.986094544392188 -25.823905455607814 2 
2021-06-13 10:30:17.832802 [47.106602333, 7.216805333] 48.81 0.0 (47.106653985807164, 7.216847330313385) -6.0 2.0 turn_to_on_spot 22.986094544392188 -25.823905455607814 2 
2021-06-13 10:30:17.935438 [47.106602333, 7.216805333] 49.89 0.0 (47.106653985807164, 7.216847330313385) -7.0 2.0 turn_to_on_spot 22.986094544392188 -26.903905455607855 2 
2021-06-13 10:30:18.037189 [47.106602333, 7.216805333] 51.0 0.0 (47.106653985807164, 7.216847330313385) -8.0 3.0 turn_to_on_spot 22.986094544392188 -28.013905455607812 2 
2021-06-13 10:30:18.139936 [47.106602333, 7.216805333] 52.06 0.0 (47.106653985807164, 7.216847330313385) -8.0 3.0 turn_to_on_spot 22.986094544392188 -29.073905455607814 2 
2021-06-13 10:30:18.242552 [47.106602333, 7.216805333] 52.06 0.0 (47.106653985807164, 7.216847330313385) -8.0 3.0 turn_to_on_spot 22.986094544392188 -29.073905455607814 2 
2021-06-13 10:30:18.344800 [47.106602333, 7.216805333] 53.12 0.0 (47.106653985807164, 7.216847330313385) -9.0 3.0 turn_to_on_spot 22.986094544392188 -30.133905455607817 2 
2021-06-13 10:30:18.447091 [47.1066, 7.216805] 53.12 1.0792546028082188 (47.106653985807164, 7.216847330313385) -9.0 3.0 turn_to_on_spot 22.986094544392188 -30.133905455607817 2 
2021-06-13 10:30:18.549541 [47.1066, 7.216805] 53.12 1.0792546028082188 (47.106653985807164, 7.216847330313385) -9.0 3.0 turn_to_on_spot 22.986094544392188 -30.133905455607817 2 
2021-06-13 10:30:18.652135 [47.1066, 7.216805] 53.12 1.0792546028082188 (47.106653985807164, 7.216847330313385) -9.0 3.0 turn_to_on_spot 22.986094544392188 -30.133905455607817 2 
2021-06-13 10:30:18.754849 [47.1066, 7.216805] 53.12 1.0792546028082188 (47.106653985807164, 7.216847330313385) -9.0 3.0 turn_to_on_spot 22.986094544392188 -30.133905455607817 2 
2021-06-13 10:30:18.856856 [47.1066, 7.216805] 53.12 1.0792546028082188 (47.106653985807164, 7.216847330313385) -9.0 3.0 turn_to_on_spot 22.986094544392188 -30.133905455607817 2 
2021-06-13 10:30:18.958487 [47.1066, 7.216805] 53.12 1.0792546028082188 (47.106653985807164, 7.216847330313385) -9.0 3.0 turn_to_on_spot 22.986094544392188 -30.133905455607817 2 
2021-06-13 10:30:19.060332 [47.1066, 7.216805] 53.12 1.0792546028082188 (47.106653985807164, 7.216847330313385) -9.0 3.0 turn_to_on_spot 22.986094544392188 -30.133905455607817 2 
2021-06-13 10:30:19.161838 [47.1066, 7.216805] 53.12 0.0 (47.106653985807164, 7.216847330313385) -9.0 3.0 turn_to_on_spot 22.986094544392188 -30.133905455607817 2 
2021-06-13 10:30:19.263648 [47.1066, 7.216805] 53.12 0.0 (47.106653985807164, 7.216847330313385) -9.0 3.0 turn_to_on_spot 22.986094544392188 -30.133905455607817 2 
2021-06-13 10:30:19.365359 [47.106599167, 7.216805333] 53.12 0.6456858412300454 (47.106653985807164, 7.216847330313385) -9.0 3.0 turn_to_on_spot 22.986094544392188 -30.133905455607817 2 
2021-06-13 10:30:19.466994 [47.106599167, 7.216805333] 53.12 0.6456858412300454 (47.106653985807164, 7.216847330313385) -9.0 3.0 turn_to_on_spot 22.986094544392188 -30.133905455607817 2 
2021-06-13 10:30:19.568654 [47.106599167, 7.216805333] 53.12 0.6456858412300454 (47.106653985807164, 7.216847330313385) -9.0 3.0 turn_to_on_spot 22.986094544392188 -30.133905455607817 2 
2021-06-13 10:30:19.670250 [47.106599167, 7.216805333] 52.1 0.6456858412300454 (47.106653985807164, 7.216847330313385) -8.0 3.0 turn_to_on_spot 22.986094544392188 -29.113905455607835 2 
2021-06-13 10:30:19.771900 [47.106599167, 7.216805333] 51.09 0.6456858412300454 (47.106653985807164, 7.216847330313385) -8.0 3.0 turn_to_on_spot 22.986094544392188 -28.103905455607787 2 
2021-06-13 10:30:19.873525 [47.106599167, 7.216805333] 51.09 0.6456858412300454 (47.106653985807164, 7.216847330313385) -8.0 3.0 turn_to_on_spot 22.986094544392188 -28.103905455607787 2 
2021-06-13 10:30:19.975310 [47.106599167, 7.216805333] 49.94 0.6456858412300454 (47.106653985807164, 7.216847330313385) -7.0 2.0 turn_to_on_spot 22.986094544392188 -26.95390545560781 2 
2021-06-13 10:30:20.076912 [47.106599167, 7.216805333] 49.94 0.6456858412300454 (47.106653985807164, 7.216847330313385) -7.0 2.0 turn_to_on_spot 22.986094544392188 -26.95390545560781 2 
2021-06-13 10:30:20.179120 [47.106599167, 7.216805333] 48.91 0.0 (47.106653985807164, 7.216847330313385) -6.0 2.0 turn_to_on_spot 22.986094544392188 -25.923905455607837 2 
2021-06-13 10:30:20.282051 [47.106599167, 7.216805333] 47.81 0.0 (47.106653985807164, 7.216847330313385) -6.0 2.0 turn_to_on_spot 22.986094544392188 -24.823905455607814 2 
2021-06-13 10:30:20.385496 [47.106599167, 7.216805333] 47.81 0.0 (47.106653985807164, 7.216847330313385) -6.0 2.0 turn_to_on_spot 22.986094544392188 -24.823905455607814 2 
2021-06-13 10:30:20.487324 [47.106597167, 7.216804667] 46.78 0.8236914656970576 (47.106653985807164, 7.216847330313385) -5.0 2.0 turn_to_on_spot 22.986094544392188 -23.79390545560784 2 
2021-06-13 10:30:20.589084 [47.106597167, 7.216804667] 45.77 0.8236914656970576 (47.106653985807164, 7.216847330313385) -5.0 2.0 turn_to_on_spot 22.986094544392188 -22.78390545560785 2 
2021-06-13 10:30:20.691082 [47.106597167, 7.216804667] 44.6 0.8236914656970576 (47.106653985807164, 7.216847330313385) -4.0 1.0 turn_to_on_spot 22.986094544392188 -21.613905455607778 2 
2021-06-13 10:30:21.098354 [47.106597167, 7.216804667] 41.39 0.8236914656970576 (47.106653985807164, 7.216847330313385) -3.0 1.0 turn_to_on_spot 22.986094544392188 -20.493905455607774 2 
2021-06-13 10:30:21.500986 [47.106597333, 7.216804167] 36.99 0.4686088302205084 (47.106653985807164, 7.216847330313385) -2.0 1.0 turn_to_on_spot 22.986094544392188 -17.263905455607755 2 
2021-06-13 10:30:21.602398 [47.106597333, 7.216804167] 35.86 0.4686088302205084 (47.106653985807164, 7.216847330313385) 0.0 -1.0 turn_to_on_spot 22.986094544392188 -12.873905455607769 2 
2021-06-13 10:30:21.703824 [47.106597333, 7.216804167] 34.82 0.4686088302205084 (47.106653985807164, 7.216847330313385) 0.0 -1.0 turn_to_on_spot 22.986094544392188 -11.833905455607805 2 
2021-06-13 10:30:22.106516 [47.106597333, 7.216804167] 31.45 0.4686088302205084 (47.106653985807164, 7.216847330313385) 1.0 -2.0 turn_to_on_spot 22.986094544392188 -10.733905455607783 2 
2021-06-13 10:30:22.509180 [47.106597333, 7.216804167] 28.16 0.0 (47.106653985807164, 7.216847330313385) 1.0 -3.0 turn_to_on_spot 22.986094544392188 -8.4639054556078 2 
2021-06-13 10:30:22.610573 [47.106597333, 7.216804167] 26.06 0.0 (47.106653985807164, 7.216847330313385) 2.0 -6.0 turn_to_on_spot 22.986094544392188 -3.0739054556078145 1.9 
2021-06-13 10:30:22.711997 [47.1065975, 7.216803667] 26.06 0.09494687912899087 (47.106653985807164, 7.216847330313385) 2.0 -6.0 turn_to_on_spot 22.986094544392188 -3.0739054556078145 1.8 
2021-06-13 10:30:23.114680 [47.1065975, 7.216803667] 21.75 0.09494687912899087 (47.106653985807164, 7.216847330313385) 2.0 -7.0 turn_to_on_spot 22.986094544392188 -1.943905455607819 1.7 
2021-06-13 10:30:23.517556 [47.1065975, 7.216803667] 17.32 0.0 (47.106653985807164, 7.216847330313385) 3.0 -9.0 turn_to_on_spot 22.986094544392188 2.316094544392172 1.6 
2021-06-13 10:30:23.618866 [47.1065975, 7.216803667] 16.21 0.0 (47.106653985807164, 7.216847330313385) 4.0 -12.0 turn_to_on_spot 22.986094544392188 6.776094544392208 2 
2021-06-13 10:30:23.720278 [47.1065975, 7.216803667] 16.21 0.0 (47.106653985807164, 7.216847330313385) 4.0 -12.0 turn_to_on_spot 22.986094544392188 6.776094544392208 2 
2021-06-13 10:30:24.126081 [47.1065975, 7.216803667] 11.74 0.0 (47.106653985807164, 7.216847330313385) 4.0 -12.0 turn_to_on_spot 22.986094544392188 7.906094544392204 2 
2021-06-13 10:30:24.531876 [47.106598167, 7.216802] 7.36 0.6587476763577631 (47.106653985807164, 7.216847330313385) 5.0 -15.0 turn_to_on_spot 22.986094544392188 12.416094544392195 2 
2021-06-13 10:30:24.634003 [47.106598167, 7.216802] 7.36 0.6587476763577631 (47.106653985807164, 7.216847330313385) 6.0 -17.0 turn_to_on_spot 22.986094544392188 15.626094544392231 2 
2021-06-13 10:30:24.736254 [47.106598167, 7.216802] 6.2 0.6587476763577631 (47.106653985807164, 7.216847330313385) 6.0 -17.0 turn_to_on_spot 22.986094544392188 16.7860945443922 2 
2021-06-13 10:30:25.139288 [47.106598167, 7.216802] 1.93 0.0 (47.106653985807164, 7.216847330313385) 6.0 -18.0 turn_to_on_spot 22.986094544392188 17.846094544392145 2 
2021-06-13 10:30:25.542243 [47.106598167, 7.216802] 358.5 0.0 (47.106653985807164, 7.216847330313385) 7.0 -20.0 turn_to_on_spot 22.986094544392188 22.156094544392204 2 
2021-06-13 10:30:25.643736 [47.106598167, 7.216802] 357.48 0.0 (47.106653985807164, 7.216847330313385) 7.0 -22.0 turn_to_on_spot 22.986094544392188 25.50609454439217 2 
2021-06-13 10:30:25.745499 [47.106598167, 7.216802] 356.45 0.0 (47.106653985807164, 7.216847330313385) 8.0 -23.0 turn_to_on_spot 22.986094544392188 26.5360945443922 2 
2021-06-13 10:30:26.148097 [47.106598167, 7.216802] 353.36 0.0 (47.106653985807164, 7.216847330313385) 8.0 -23.0 turn_to_on_spot 22.986094544392188 27.616094544392183 2 
2021-06-13 10:30:26.572984 [47.106598167, 7.2168015] 349.05 0.6996730813754833 (47.106653985807164, 7.216847330313385) 8.0 -25.0 turn_to_on_spot 22.986094544392188 30.676094544392186 2 
2021-06-13 10:30:26.871247 [47.106598167, 7.2168015] 348.01 0.6996730813754833 (47.106653985807164, 7.216847330313385) 9.0 -27.0 turn_to_on_spot 22.986094544392188 33.936094544392176 2 
2021-06-13 10:30:27.274754 [47.106598333, 7.216801167] 343.52 0.6549604522008244 (47.106653985807164, 7.216847330313385) 10.0 -29.0 turn_to_on_spot 22.986094544392188 37.26609454439216 2 
2021-06-13 10:30:27.385927 [47.106598333, 7.216801167] 342.51 0.6549604522008244 (47.106653985807164, 7.216847330313385) 10.0 -30.0 turn_to_on_spot 22.986094544392188 40.4760945443922 2 
2021-06-13 10:30:27.499246 [47.106598333, 7.216801167] 341.45 0.6549604522008244 (47.106653985807164, 7.216847330313385) 10.0 -31.0 turn_to_on_spot 22.986094544392188 41.5360945443922 2 
2021-06-13 10:30:27.606735 [47.106598333, 7.216801167] 340.34 0.6549604522008244 (47.106653985807164, 7.216847330313385) 11.0 -32.0 turn_to_on_spot 22.986094544392188 42.64609454439221 2 
2021-06-13 10:30:28.009165 [47.106598333, 7.216801167] 337.21 0.6549604522008244 (47.106653985807164, 7.216847330313385) 11.0 -32.0 turn_to_on_spot 22.986094544392188 42.64609454439221 2 
2021-06-13 10:30:28.419872 [47.106598333, 7.216801167] 333.88 0.0 (47.106653985807164, 7.216847330313385) 11.0 -34.0 turn_to_on_spot 22.986094544392188 46.926094544392186 2 
2021-06-13 10:30:28.526704 [47.106598333, 7.216801167] 332.85 0.0 (47.106653985807164, 7.216847330313385) 12.0 -35.0 turn_to_on_spot 22.986094544392188 49.10609454439219 2 
2021-06-13 10:30:28.727602 [47.106598333, 7.216801167] 331.83 0.0 (47.106653985807164, 7.216847330313385) 12.0 -36.0 turn_to_on_spot 22.986094544392188 50.136094544392165 2 
2021-06-13 10:30:28.964457 [47.106598333, 7.216801167] 329.69 0.0 (47.106653985807164, 7.216847330313385) 12.0 -37.0 turn_to_on_spot 22.986094544392188 52.29609454439219 2 
2021-06-13 10:30:29.444417 [47.1065985, 7.216799333] 326.45 0.6088354516164 (47.106653985807164, 7.216847330313385) 13.0 -38.0 turn_to_on_spot 22.986094544392188 54.39609454439221 2 
2021-06-13 10:30:29.554330 [47.1065985, 7.216799333] 325.43 0.6088354516164 (47.106653985807164, 7.216847330313385) 13.0 -39.0 turn_to_on_spot 22.986094544392188 56.5360945443922 2 
2021-06-13 10:30:29.657119 [47.1065985, 7.216799333] 324.37 0.6088354516164 (47.106653985807164, 7.216847330313385) 13.0 -40.0 turn_to_on_spot 22.986094544392188 57.55609454439218 2 
2021-06-13 10:30:30.080850 [47.1065985, 7.216799333] 322.2 0.6088354516164 (47.106653985807164, 7.216847330313385) 14.0 -41.0 turn_to_on_spot 22.986094544392188 59.69609454439217 2 
2021-06-13 10:30:30.486250 [47.1065985, 7.216799333] 320.05 0.0 (47.106653985807164, 7.216847330313385) 14.0 -42.0 turn_to_on_spot 22.986094544392188 61.916094544392195 2 
2021-06-13 10:30:30.594463 [47.1065985, 7.216799333] 318.98 0.0 (47.106653985807164, 7.216847330313385) 15.0 -44.0 turn_to_on_spot 22.986094544392188 64.00609454439217 2 
2021-06-13 10:30:30.702543 [47.106598667, 7.216798667] 317.97 0.0983438493403614 (47.106653985807164, 7.216847330313385) 15.0 -44.0 turn_to_on_spot 22.986094544392188 65.01609454439216 2 
2021-06-13 10:30:31.119431 [47.106598667, 7.216798667] 315.86 0.0983438493403614 (47.106653985807164, 7.216847330313385) 15.0 -45.0 turn_to_on_spot 22.986094544392188 66.08609454439221 2 
2021-06-13 10:30:31.568077 [47.106598667, 7.216798667] 313.74 0.0 (47.106653985807164, 7.216847330313385) 15.0 -46.0 turn_to_on_spot 22.986094544392188 69.24609454439218 2 
2021-06-13 10:30:31.689575 [47.106599, 7.216798167] 312.68 0.12308379177882822 (47.106653985807164, 7.216847330313385) 16.0 -47.0 turn_to_on_spot 22.986094544392188 70.30609454439218 2 
2021-06-13 10:30:31.812048 [47.106599, 7.216798167] 311.63 0.12308379177882822 (47.106653985807164, 7.216847330313385) 16.0 -48.0 turn_to_on_spot 22.986094544392188 71.35609454439219 2 
2021-06-13 10:30:32.218245 [47.106599, 7.216798167] 309.58 0.0 (47.106653985807164, 7.216847330313385) 16.0 -48.0 turn_to_on_spot 22.986094544392188 72.4060945443922 2 
2021-06-13 10:30:32.646655 [47.106601667, 7.2167955] 308.56 3.7395567900506537 (47.106653985807164, 7.216847330313385) 16.0 -49.0 turn_to_on_spot 22.986094544392188 73.4060945443922 2 
2021-06-13 10:30:32.854953 [47.106601667, 7.2167955] 307.55 3.7395567900506537 (47.106653985807164, 7.216847330313385) 17.0 -50.0 turn_to_on_spot 22.986094544392188 75.43609454439218 2 
2021-06-13 10:30:33.323374 [47.1066025, 7.216795167] 305.5 2.558758547248663 (47.106653985807164, 7.216847330313385) 17.0 -50.0 turn_to_on_spot 22.986094544392188 76.4660945443922 2 
2021-06-13 10:30:33.728339 [47.1066025, 7.216795167] 303.44 2.558758547248663 (47.106653985807164, 7.216847330313385) 17.0 -52.0 turn_to_on_spot 22.986094544392188 78.51609454439216 2 
2021-06-13 10:30:33.834641 [47.1066025, 7.216795167] 302.42 2.558758547248663 (47.106653985807164, 7.216847330313385) 18.0 -53.0 turn_to_on_spot 22.986094544392188 80.56609454439217 2 
2021-06-13 10:30:33.950632 [47.1066025, 7.216795167] 302.42 2.558758547248663 (47.106653985807164, 7.216847330313385) 18.0 -53.0 turn_to_on_spot 22.986094544392188 80.56609454439217 2 
2021-06-13 10:30:34.364060 [47.1066025, 7.216795167] 301.38 0.0 (47.106653985807164, 7.216847330313385) 18.0 -53.0 turn_to_on_spot 22.986094544392188 81.60609454439219 2 
2021-06-13 10:30:34.804313 [47.106603333, 7.216794667] 299.31 0.590426564822592 (47.106653985807164, 7.216847330313385) 18.0 -54.0 turn_to_on_spot 22.986094544392188 82.61609454439218 2 
2021-06-13 10:30:34.953931 [47.106603333, 7.216794667] 299.31 0.590426564822592 (47.106653985807164, 7.216847330313385) 18.0 -54.0 turn_to_on_spot 22.986094544392188 83.67609454439219 2 
2021-06-13 10:30:35.369685 [47.106604667, 7.216794167] 297.26 0.0 (47.106653985807164, 7.216847330313385) 18.0 -55.0 turn_to_on_spot 22.986094544392188 84.7260945443922 2 
2021-06-13 10:30:35.834570 [47.106604667, 7.216794167] 296.26 0.0 (47.106653985807164, 7.216847330313385) 19.0 -56.0 turn_to_on_spot 22.986094544392188 85.7260945443922 2 
2021-06-13 10:30:36.044800 [47.106604667, 7.216794167] 296.26 0.0 (47.106653985807164, 7.216847330313385) 19.0 -56.0 turn_to_on_spot 22.986094544392188 86.7260945443922 2 
2021-06-13 10:30:36.281621 [47.106604667, 7.216794167] 295.24 0.0 (47.106653985807164, 7.216847330313385) 19.0 -57.0 turn_to_on_spot 22.986094544392188 87.74609454439218 2 
2021-06-13 10:30:36.391038 [47.106610667, 7.216791167] 295.24 3.2304524196071456 (47.106653985807164, 7.216847330313385) 19.0 -57.0 turn_to_on_spot 22.986094544392188 87.74609454439218 2 
2021-06-13 10:30:36.502768 [47.106610667, 7.216791167] 294.22 3.2304524196071456 (47.106653985807164, 7.216847330313385) 19.0 -57.0 turn_to_on_spot 22.986094544392188 87.74609454439218 2 
2021-06-13 10:30:36.625209 [47.106610667, 7.216791167] 294.22 3.2304524196071456 (47.106653985807164, 7.216847330313385) 19.0 -57.0 turn_to_on_spot 22.986094544392188 88.76609454439216 2 
2021-06-13 10:30:37.056894 [47.106610667, 7.216791167] 294.22 3.2304524196071456 (47.106653985807164, 7.216847330313385) 19.0 -57.0 turn_to_on_spot 22.986094544392188 88.76609454439216 2 
2021-06-13 10:30:37.214576 [47.106610667, 7.216791167] 293.21 0.0 (47.106653985807164, 7.216847330313385) 19.0 -58.0 turn_to_on_spot 22.986094544392188 89.77609454439221 2 
2021-06-13 10:30:37.660119 [47.106611667, 7.2167905] 292.2 0.4360959007504382 (47.106653985807164, 7.216847330313385) 19.0 -58.0 turn_to_on_spot 22.986094544392188 89.77609454439221 2 
2021-06-13 10:30:38.063069 [47.106611667, 7.2167905] 292.2 0.4360959007504382 (47.106653985807164, 7.216847330313385) 19.0 -58.0 turn_to_on_spot 22.986094544392188 90.7860945443922 2 
2021-06-13 10:30:38.171942 [47.106611667, 7.2167905] 292.2 0.0 (47.106653985807164, 7.216847330313385) 19.0 -58.0 turn_to_on_spot 22.986094544392188 90.7860945443922 2 
2021-06-13 10:30:38.293355 [47.106611667, 7.2167905] 292.2 0.0 (47.106653985807164, 7.216847330313385) 19.0 -58.0 turn_to_on_spot 22.986094544392188 90.7860945443922 2 
2021-06-13 10:30:38.697946 [47.106612333, 7.216789667] 291.18 0.22207762382504542 (47.106653985807164, 7.216847330313385) 20.0 -59.0 turn_to_on_spot 22.986094544392188 91.80609454439218 2 
2021-06-13 10:30:39.104318 [47.106612333, 7.216789667] 291.18 0.22207762382504542 (47.106653985807164, 7.216847330313385) 20.0 -59.0 turn_to_on_spot 22.986094544392188 91.80609454439218 2 
2021-06-13 10:30:39.209056 [47.106612333, 7.216789667] 291.18 0.0 (47.106653985807164, 7.216847330313385) 20.0 -59.0 turn_to_on_spot 22.986094544392188 91.80609454439218 2 
2021-06-13 10:30:39.323973 [47.106613333, 7.216788833] 291.18 1.1615705369701168 (47.106653985807164, 7.216847330313385) 20.0 -59.0 turn_to_on_spot 22.986094544392188 91.80609454439218 2 
2021-06-13 10:30:39.734441 [47.106613333, 7.216788833] 290.14 1.1615705369701168 (47.106653985807164, 7.216847330313385) 20.0 -60.0 turn_to_on_spot 22.986094544392188 92.8460945443922 2 
2021-06-13 10:30:40.199459 [47.106613333, 7.216788833] 290.14 1.1615705369701168 (47.106653985807164, 7.216847330313385) 20.0 -60.0 turn_to_on_spot 22.986094544392188 92.8460945443922 2 
2021-06-13 10:30:40.416974 [47.106613333, 7.216788833] 290.14 0.0 (47.106653985807164, 7.216847330313385) 20.0 -60.0 turn_to_on_spot 22.986094544392188 92.8460945443922 2 
2021-06-13 10:30:40.846720 [47.106615167, 7.216787833] 290.14 0.8732653174746094 (47.106653985807164, 7.216847330313385) 20.0 -60.0 turn_to_on_spot 22.986094544392188 92.8460945443922 2 
2021-06-13 10:30:41.254846 [47.106615167, 7.216787833] 289.07 0.8732653174746094 (47.106653985807164, 7.216847330313385) 20.0 -60.0 turn_to_on_spot 22.986094544392188 92.8460945443922 2 
2021-06-13 10:30:41.554336 [47.106616167, 7.216787667] 289.07 36.336050437909826 (47.106653985807164, 7.216847330313385) 20.0 -60.0 turn_to_on_spot 22.986094544392188 93.9160945443922 2 
2021-06-13 10:30:41.985999 [47.106616167, 7.216787667] 289.07 36.336050437909826 (47.106653985807164, 7.216847330313385) 20.0 -60.0 turn_to_on_spot 22.986094544392188 93.9160945443922 2 
2021-06-13 10:30:42.397793 [47.106616833, 7.2167875] 290.07 0.3687436176572296 (47.106653985807164, 7.216847330313385) 20.0 -60.0 turn_to_on_spot 22.986094544392188 93.9160945443922 2 
2021-06-13 10:30:42.506225 [47.106616833, 7.2167875] 290.07 0.3687436176572296 (47.106653985807164, 7.216847330313385) 20.0 -60.0 turn_to_on_spot 22.986094544392188 92.9160945443922 2 
2021-06-13 10:30:42.616295 [47.106616833, 7.2167875] 290.07 0.3687436176572296 (47.106653985807164, 7.216847330313385) 20.0 -60.0 turn_to_on_spot 22.986094544392188 92.9160945443922 2 
2021-06-13 10:30:43.019685 [47.106616833, 7.2167875] 290.07 0.3687436176572296 (47.106653985807164, 7.216847330313385) 20.0 -60.0 turn_to_on_spot 22.986094544392188 92.9160945443922 2 
2021-06-13 10:30:43.439224 [47.106617167, 7.216787167] 290.07 0.9547306184782657 (47.106653985807164, 7.216847330313385) 20.0 -60.0 turn_to_on_spot 22.986094544392188 92.9160945443922 2 
2021-06-13 10:30:43.726709 [47.106617167, 7.216787167] 291.11 0.9547306184782657 (47.106653985807164, 7.216847330313385) 20.0 -60.0 turn_to_on_spot 22.986094544392188 92.9160945443922 2 
2021-06-13 10:30:44.132164 [47.106617167, 7.216787167] 292.11 0.0 (47.106653985807164, 7.216847330313385) 20.0 -59.0 turn_to_on_spot 22.986094544392188 91.87609454439217 2 
2021-06-13 10:30:44.584299 [47.106619167, 7.216786] 293.18 1.1378387352034602 (47.106653985807164, 7.216847330313385) 19.0 -58.0 turn_to_on_spot 22.986094544392188 90.87609454439217 2 
2021-06-13 10:30:44.708345 [47.106619167, 7.216786] 293.18 1.1378387352034602 (47.106653985807164, 7.216847330313385) 19.0 -58.0 turn_to_on_spot 22.986094544392188 89.80609454439218 2 
2021-06-13 10:30:44.817343 [47.106619167, 7.216786] 293.18 1.1378387352034602 (47.106653985807164, 7.216847330313385) 19.0 -58.0 turn_to_on_spot 22.986094544392188 89.80609454439218 2 
2021-06-13 10:30:45.221037 [47.106619167, 7.216786] 294.18 0.0 (47.106653985807164, 7.216847330313385) 19.0 -58.0 turn_to_on_spot 22.986094544392188 89.80609454439218 2 
2021-06-13 10:30:45.639902 [47.106619667, 7.216786] 295.21 0.1887165191338309 (47.106653985807164, 7.216847330313385) 19.0 -57.0 turn_to_on_spot 22.986094544392188 88.80609454439218 2 
2021-06-13 10:30:45.762144 [47.106619667, 7.216786] 295.21 0.1887165191338309 (47.106653985807164, 7.216847330313385) 19.0 -57.0 turn_to_on_spot 22.986094544392188 87.77609454439221 2 
2021-06-13 10:30:45.870887 [47.106619667, 7.216786] 296.24 0.1887165191338309 (47.106653985807164, 7.216847330313385) 19.0 -56.0 turn_to_on_spot 22.986094544392188 86.74609454439218 2 
2021-06-13 10:30:46.275456 [47.106619667, 7.216786] 296.24 0.0 (47.106653985807164, 7.216847330313385) 19.0 -56.0 turn_to_on_spot 22.986094544392188 86.74609454439218 2 
2021-06-13 10:30:46.682186 [47.106620167, 7.216786] 297.26 0.10804785647883657 (47.106653985807164, 7.216847330313385) 19.0 -56.0 turn_to_on_spot 22.986094544392188 85.7260945443922 2 
2021-06-13 10:30:46.791281 [47.106620167, 7.216786] 298.28 0.10804785647883657 (47.106653985807164, 7.216847330313385) 18.0 -55.0 turn_to_on_spot 22.986094544392188 84.70609454439222 2 
2021-06-13 10:30:46.898430 [47.106620167, 7.216786] 298.28 0.10804785647883657 (47.106653985807164, 7.216847330313385) 18.0 -55.0 turn_to_on_spot 22.986094544392188 84.70609454439222 2 
2021-06-13 10:30:47.304036 [47.106620167, 7.216786] 299.3 0.0 (47.106653985807164, 7.216847330313385) 18.0 -55.0 turn_to_on_spot 22.986094544392188 84.70609454439222 2 
2021-06-13 10:30:47.726381 [47.106620167, 7.216786] 300.3 0.0 (47.106653985807164, 7.216847330313385) 18.0 -54.0 turn_to_on_spot 22.986094544392188 83.68609454439218 2 
2021-06-13 10:30:47.838454 [47.106620167, 7.216786] 300.3 0.0 (47.106653985807164, 7.216847330313385) 18.0 -54.0 turn_to_on_spot 22.986094544392188 82.68609454439218 2 
2021-06-13 10:30:47.948447 [47.106620167, 7.216786] 301.33 0.0 (47.106653985807164, 7.216847330313385) 18.0 -53.0 turn_to_on_spot 22.986094544392188 81.6560945443922 2 
2021-06-13 10:30:48.353486 [47.106620167, 7.216786] 302.38 0.0 (47.106653985807164, 7.216847330313385) 18.0 -53.0 turn_to_on_spot 22.986094544392188 81.6560945443922 2 
2021-06-13 10:30:48.461882 [47.106620167, 7.216786] 302.38 0.0 (47.106653985807164, 7.216847330313385) 18.0 -53.0 turn_to_on_spot 22.986094544392188 80.60609454439219 2 
2021-06-13 10:30:48.565690 [47.106620167, 7.216786] 302.38 0.0 (47.106653985807164, 7.216847330313385) 18.0 -53.0 turn_to_on_spot 22.986094544392188 80.60609454439219 2 
2021-06-13 10:30:48.674640 [47.106620167, 7.216786] 302.38 0.0 (47.106653985807164, 7.216847330313385) 18.0 -53.0 turn_to_on_spot 22.986094544392188 80.60609454439219 2 
2021-06-13 10:30:49.083473 [47.1066225, 7.216784667] 304.46 0.35215894798971153 (47.106653985807164, 7.216847330313385) 17.0 -52.0 turn_to_on_spot 22.986094544392188 79.54609454439219 2 
2021-06-13 10:30:49.502224 [47.1066225, 7.216784667] 305.51 0.0 (47.106653985807164, 7.216847330313385) 17.0 -52.0 turn_to_on_spot 22.986094544392188 78.52609454439221 2 
2021-06-13 10:30:49.614737 [47.1066225, 7.216784667] 305.51 0.0 (47.106653985807164, 7.216847330313385) 17.0 -51.0 turn_to_on_spot 22.986094544392188 77.4760945443922 2 
2021-06-13 10:30:49.722113 [47.106622667, 7.216784333] 305.51 0.05251043814465874 (47.106653985807164, 7.216847330313385) 17.0 -51.0 turn_to_on_spot 22.986094544392188 77.4760945443922 2 
2021-06-13 10:30:50.125654 [47.106622667, 7.216784333] 306.53 0.05251043814465874 (47.106653985807164, 7.216847330313385) 17.0 -50.0 turn_to_on_spot 22.986094544392188 76.45609454439222 2 
2021-06-13 10:30:50.529765 [47.106622667, 7.216784333] 308.58 0.0 (47.106653985807164, 7.216847330313385) 17.0 -50.0 turn_to_on_spot 22.986094544392188 75.43609454439218 2 
2021-06-13 10:30:50.797149 [47.106622667, 7.216784333] 308.58 0.0 (47.106653985807164, 7.216847330313385) 16.0 -49.0 turn_to_on_spot 22.986094544392188 74.4060945443922 2 
2021-06-13 10:30:51.201244 [47.106622833, 7.216783833] 309.62 0.0520842892046703 (47.106653985807164, 7.216847330313385) 16.0 -49.0 turn_to_on_spot 22.986094544392188 73.36609454439218 2 
2021-06-13 10:30:51.614324 [47.106622833, 7.216783833] 311.72 0.0 (47.106653985807164, 7.216847330313385) 16.0 -48.0 turn_to_on_spot 22.986094544392188 72.31609454439217 2 
2021-06-13 10:30:51.840707 [47.106622833, 7.216783833] 312.75 0.0 (47.106653985807164, 7.216847330313385) 16.0 -48.0 turn_to_on_spot 22.986094544392188 71.26609454439216 2 
2021-06-13 10:30:52.260465 [47.106625, 7.216783] 313.79 0.0 (47.106653985807164, 7.216847330313385) 16.0 -47.0 turn_to_on_spot 22.986094544392188 70.23609454439219 2 
2021-06-13 10:30:52.711242 [47.106625, 7.216783] 314.83 0.0 (47.106653985807164, 7.216847330313385) 15.0 -46.0 turn_to_on_spot 22.986094544392188 69.19609454439217 2 
2021-06-13 10:30:52.965035 [47.106625, 7.216783] 315.87 0.0 (47.106653985807164, 7.216847330313385) 15.0 -45.0 turn_to_on_spot 22.986094544392188 67.11609454439218 2 
2021-06-13 10:30:53.368564 [47.106625333, 7.216782667] 316.91 0.0 (47.106653985807164, 7.216847330313385) 15.0 -45.0 turn_to_on_spot 22.986094544392188 67.11609454439218 2 
2021-06-13 10:30:53.777506 [47.106625333, 7.216782667] 317.94 0.0 (47.106653985807164, 7.216847330313385) 15.0 -44.0 turn_to_on_spot 22.986094544392188 65.04609454439219 2 
2021-06-13 10:30:53.910227 [47.106625333, 7.216782667] 318.94 0.0 (47.106653985807164, 7.216847330313385) 15.0 -44.0 turn_to_on_spot 22.986094544392188 64.04609454439219 2 
2021-06-13 10:30:54.018988 [47.1066255, 7.2167825] 318.94 0.02706993942329176 (47.106653985807164, 7.216847330313385) 15.0 -44.0 turn_to_on_spot 22.986094544392188 64.04609454439219 2 
2021-06-13 10:30:54.422484 [47.1066255, 7.2167825] 320.01 0.0 (47.106653985807164, 7.216847330313385) 15.0 -44.0 turn_to_on_spot 22.986094544392188 64.04609454439219 2 
2021-06-13 10:30:54.827152 [47.1066255, 7.2167825] 321.07 0.0 (47.106653985807164, 7.216847330313385) 14.0 -42.0 turn_to_on_spot 22.986094544392188 61.916094544392195 2 
2021-06-13 10:30:54.947974 [47.106625667, 7.216782333] 322.11 0.02773771788042822 (47.106653985807164, 7.216847330313385) 14.0 -42.0 turn_to_on_spot 22.986094544392188 60.876094544392174 2 
2021-06-13 10:30:55.084558 [47.106625667, 7.216782333] 323.16 0.02773771788042822 (47.106653985807164, 7.216847330313385) 14.0 -42.0 turn_to_on_spot 22.986094544392188 60.876094544392174 2 
2021-06-13 10:30:55.487244 [47.106625667, 7.216782333] 323.16 0.0 (47.106653985807164, 7.216847330313385) 14.0 -41.0 turn_to_on_spot 22.986094544392188 59.82609454439216 2 
2021-06-13 10:30:55.964796 [47.106625667, 7.216782333] 325.24 0.0 (47.106653985807164, 7.216847330313385) 14.0 -41.0 turn_to_on_spot 22.986094544392188 58.77609454439221 2 
2021-06-13 10:30:56.101233 [47.106625667, 7.216782333] 325.24 0.0 (47.106653985807164, 7.216847330313385) 0 0 throttle 
2021-06-13 10:30:56.144982 [47.106625667, 7.216782333] 325.24 0.0 (47.106653985807164, 7.216847330313385) 70 70 throttle 
2021-06-13 10:30:56.394291 [47.106625667, 7.216782333] 326.28 0.0 (47.106634816925435, 7.21682989595479) 0 0 throttle 
2021-06-13 10:30:56.793093 [47.106625667, 7.216782333] 328.34 0.0 (47.106634816925435, 7.21682989595479) 70 70 throttle 
2021-06-13 10:30:56.797779 [47.106625667, 7.216782333] 328.34 0.0 (47.106634816925435, 7.21682989595479) 70 70 End autonomous drive 
