2021-06-09 16:09:17.292358 [47.106703667, 7.216830667] 332.91 0.0 None 0 0 Started autonomous drive 
2021-06-09 16:09:17.295345 [47.106703667, 7.216830667] 332.91 0.0 (47.106653985807164, 7.216847330313385) -92.0 46.0 turn_to_on_spot 167.14040208578206 -165.76959791421797 2 
2021-06-09 16:09:17.397339 [47.106703667, 7.216830667] 332.91 0.0 (47.106653985807164, 7.216847330313385) -92.0 46.0 turn_to_on_spot 167.14040208578206 -165.76959791421797 2 
2021-06-09 16:09:17.499783 [47.106703667, 7.216830667] 331.89 0.0 (47.106653985807164, 7.216847330313385) -92.0 46.0 turn_to_on_spot 167.14040208578206 -164.74959791421793 2 
2021-06-09 16:09:17.601867 [47.106703667, 7.216830667] 331.89 0.0 (47.106653985807164, 7.216847330313385) -92.0 46.0 turn_to_on_spot 167.14040208578206 -164.74959791421793 2 
2021-06-09 16:09:17.703928 [47.106703667, 7.216830667] 330.88 0.0 (47.106653985807164, 7.216847330313385) -91.0 45.5 turn_to_on_spot 167.14040208578206 -163.73959791421794 2 
2021-06-09 16:09:17.805723 [47.106703667, 7.216830667] 329.81 0.0 (47.106653985807164, 7.216847330313385) -90.0 45.0 turn_to_on_spot 167.14040208578206 -162.66959791421795 2 
2021-06-09 16:09:17.907362 [47.106703667, 7.216830667] 327.41 0.0 (47.106653985807164, 7.216847330313385) -89.0 44.5 turn_to_on_spot 167.14040208578206 -160.26959791421797 2 
2021-06-09 16:09:18.008880 [47.106703667, 7.216830667] 325.87 0.0 (47.106653985807164, 7.216847330313385) -88.0 44.0 turn_to_on_spot 167.14040208578206 -158.72959791421795 2 
2021-06-09 16:09:18.110531 [47.106703667, 7.216830667] 323.18 0.0 (47.106653985807164, 7.216847330313385) -87.0 43.5 turn_to_on_spot 167.14040208578206 -156.03959791421795 2 
2021-06-09 16:09:18.212553 [47.106703667, 7.216830667] 318.42 0.0 (47.106653985807164, 7.216847330313385) -84.0 42.0 turn_to_on_spot 167.14040208578206 -151.27959791421796 2 
2021-06-09 16:09:18.314807 [47.106703667, 7.216830667] 314.87 0.0 (47.106653985807164, 7.216847330313385) -82.0 41.0 turn_to_on_spot 167.14040208578206 -147.72959791421795 2 
2021-06-09 16:09:18.417075 [47.106703667, 7.216830667] 309.08 0.0 (47.106653985807164, 7.216847330313385) -79.0 39.5 turn_to_on_spot 167.14040208578206 -141.93959791421793 2 
2021-06-09 16:09:18.518636 [47.106703667, 7.216830667] 305.15 0.0 (47.106653985807164, 7.216847330313385) -77.0 38.5 turn_to_on_spot 167.14040208578206 -138.00959791421792 2 
2021-06-09 16:09:18.620257 [47.106703667, 7.216830667] 298.13 0.0 (47.106653985807164, 7.216847330313385) -73.0 36.5 turn_to_on_spot 167.14040208578206 -130.98959791421794 2 
2021-06-09 16:09:18.721825 [47.106703667, 7.216830667] 291.15 0.0 (47.106653985807164, 7.216847330313385) -69.0 34.5 turn_to_on_spot 167.14040208578206 -124.00959791421792 2 
2021-06-09 16:09:18.823430 [47.106703667, 7.216830667] 286.45 0.0 (47.106653985807164, 7.216847330313385) -66.0 33.0 turn_to_on_spot 167.14040208578206 -119.30959791421793 2 
2021-06-09 16:09:18.924971 [47.106703667, 7.216830667] 282.79 0.0 (47.106653985807164, 7.216847330313385) -64.0 32.0 turn_to_on_spot 167.14040208578206 -115.64959791421796 2 
2021-06-09 16:09:19.026430 [47.106703667, 7.216830667] 278.87 0.0 (47.106653985807164, 7.216847330313385) -62.0 31.0 turn_to_on_spot 167.14040208578206 -111.72959791421795 2 
2021-06-09 16:09:19.128256 [47.1067045, 7.216829167] 268.21 0.17276408933298534 (47.106653985807164, 7.216847330313385) -56.0 28.0 turn_to_on_spot 167.14040208578206 -101.06959791421792 2 
2021-06-09 16:09:19.231307 [47.1067045, 7.216829167] 260.65 0.0 (47.106653985807164, 7.216847330313385) -52.0 26.0 turn_to_on_spot 167.14040208578206 -93.50959791421792 2 
2021-06-09 16:09:19.332989 [47.1067045, 7.216829167] 256.04 0.0 (47.106653985807164, 7.216847330313385) -49.0 24.5 turn_to_on_spot 167.14040208578206 -88.89959791421796 2 
2021-06-09 16:09:19.434560 [47.1067045, 7.216829167] 250.19 0.0 (47.106653985807164, 7.216847330313385) -46.0 23.0 turn_to_on_spot 167.14040208578206 -83.04959791421794 2 
2021-06-09 16:09:19.536079 [47.1067045, 7.216829167] 241.75 0.0 (47.106653985807164, 7.216847330313385) -41.0 20.5 turn_to_on_spot 167.14040208578206 -74.60959791421794 2 
2021-06-09 16:09:19.637753 [47.1067045, 7.216829167] 239.21 0.0 (47.106653985807164, 7.216847330313385) -40.0 20.0 turn_to_on_spot 167.14040208578206 -72.06959791421798 2 
2021-06-09 16:09:19.739258 [47.1067045, 7.216829167] 230.35 0.0 (47.106653985807164, 7.216847330313385) -35.0 17.5 turn_to_on_spot 167.14040208578206 -63.209597914217966 2 
2021-06-09 16:09:19.840802 [47.1067045, 7.216829167] 223.83 0.0 (47.106653985807164, 7.216847330313385) -31.0 15.5 turn_to_on_spot 167.14040208578206 -56.689597914217984 2 
2021-06-09 16:09:19.942472 [47.1067045, 7.216829167] 219.04 0.0 (47.106653985807164, 7.216847330313385) -29.0 14.5 turn_to_on_spot 167.14040208578206 -51.89959791421791 2 
2021-06-09 16:09:20.044443 [47.1067045, 7.216829167] 212.2 0.0 (47.106653985807164, 7.216847330313385) -25.0 12.5 turn_to_on_spot 167.14040208578206 -45.05959791421793 2 
2021-06-09 16:09:20.147483 [47.1067045, 7.216829167] 205.72 0.0 (47.106653985807164, 7.216847330313385) -22.0 11.0 turn_to_on_spot 167.14040208578206 -39.64959791421791 2 
2021-06-09 16:09:20.249647 [47.1067045, 7.216829167] 199.64 0.0 (47.106653985807164, 7.216847330313385) -18.0 9.0 turn_to_on_spot 167.14040208578206 -32.49959791421793 2 
2021-06-09 16:09:20.352516 [47.1067045, 7.216829167] 195.58 0.0 (47.106653985807164, 7.216847330313385) -16.0 8.0 turn_to_on_spot 167.14040208578206 -28.439597914217984 2 
2021-06-09 16:09:20.454273 [47.106700667, 7.216823167] 191.77 2.130062817648383 (47.106653985807164, 7.216847330313385) -14.0 7.0 turn_to_on_spot 167.14040208578206 -24.629597914217925 2 
2021-06-09 16:09:20.555797 [47.106700667, 7.216823167] 188.03 2.130062817648383 (47.106653985807164, 7.216847330313385) -12.0 6.0 turn_to_on_spot 167.14040208578206 -20.889597914217916 2 
2021-06-09 16:09:20.657690 [47.106700667, 7.216823167] 180.77 2.130062817648383 (47.106653985807164, 7.216847330313385) -8.0 4.0 turn_to_on_spot 167.14040208578206 -13.629597914217925 2 
2021-06-09 16:09:20.759144 [47.106700667, 7.216823167] 177.46 2.130062817648383 (47.106653985807164, 7.216847330313385) -6.0 3.0 turn_to_on_spot 167.14040208578206 -10.31959791421798 2 
2021-06-09 16:09:20.860795 [47.106700667, 7.216823167] 174.29 2.130062817648383 (47.106653985807164, 7.216847330313385) -4.0 2.0 turn_to_on_spot 167.14040208578206 -7.149597914217907 2 
2021-06-09 16:09:20.962372 [47.106700667, 7.216823167] 168.54 2.130062817648383 (47.106653985807164, 7.216847330313385) -1.0 0.5 turn_to_on_spot 167.14040208578206 -1.3995979142179067 1.9 
2021-06-09 16:09:21.064037 [47.106700667, 7.216823167] 165.59 2.130062817648383 (47.106653985807164, 7.216847330313385) 0.5 -1.0 turn_to_on_spot 167.14040208578206 1.550402085782025 1.8 
2021-06-09 16:09:21.173209 [47.106699333, 7.216823167] 161.45 0.0 (47.106653985807164, 7.216847330313385) 1.0 -2.0 turn_to_on_spot 167.14040208578206 4.370402085782075 1.7 
2021-06-09 16:09:21.275401 [47.106699333, 7.216823167] 158.66 0.0 (47.106653985807164, 7.216847330313385) 2.5 -5.0 turn_to_on_spot 167.14040208578206 8.480402085782089 2 
2021-06-09 16:09:21.377733 [47.106699333, 7.216823167] 154.86 0.0 (47.106653985807164, 7.216847330313385) 3.5 -7.0 turn_to_on_spot 167.14040208578206 12.280402085782043 2 
2021-06-09 16:09:21.479371 [47.106699333, 7.216823167] 152.47 0.0 (47.106653985807164, 7.216847330313385) 4.0 -8.0 turn_to_on_spot 167.14040208578206 14.67040208578203 2 
2021-06-09 16:09:21.580841 [47.106699333, 7.216823167] 150.08 0.0 (47.106653985807164, 7.216847330313385) 4.5 -9.0 turn_to_on_spot 167.14040208578206 17.060402085782016 2 
2021-06-09 16:09:21.682417 [47.106699333, 7.216823167] 146.09 0.0 (47.106653985807164, 7.216847330313385) 6.0 -12.0 turn_to_on_spot 167.14040208578206 21.050402085782025 2 
2021-06-09 16:09:21.784037 [47.106699333, 7.216823167] 143.56 0.0 (47.106653985807164, 7.216847330313385) 6.5 -13.0 turn_to_on_spot 167.14040208578206 23.580402085781998 2 
2021-06-09 16:09:21.885542 [47.106699333, 7.216823167] 141.13 0.0 (47.106653985807164, 7.216847330313385) 7.0 -14.0 turn_to_on_spot 167.14040208578206 26.01040208578206 2 
2021-06-09 16:09:21.987053 [47.106699333, 7.216823167] 139.87 0.0 (47.106653985807164, 7.216847330313385) 7.5 -15.0 turn_to_on_spot 167.14040208578206 27.270402085782052 2 
2021-06-09 16:09:22.088722 [47.106699333, 7.216823167] 138.72 0.0 (47.106653985807164, 7.216847330313385) 8.0 -16.0 turn_to_on_spot 167.14040208578206 28.42040208578203 2 
2021-06-09 16:09:22.190804 [47.106699333, 7.216823167] 137.53 0.0 (47.106653985807164, 7.216847330313385) 8.0 -16.0 turn_to_on_spot 167.14040208578206 29.610402085782084 2 
2021-06-09 16:09:22.292982 [47.106699333, 7.216823167] 135.09 0.0 (47.106653985807164, 7.216847330313385) 9.0 -18.0 turn_to_on_spot 167.14040208578206 32.050402085782025 2 
2021-06-09 16:09:22.394710 [47.106698167, 7.216823333] 134.08 0.6869868378959827 (47.106653985807164, 7.216847330313385) 9.0 -18.0 turn_to_on_spot 167.14040208578206 33.060402085782016 2 
2021-06-09 16:09:22.496247 [47.106698167, 7.216823333] 134.08 0.6869868378959827 (47.106653985807164, 7.216847330313385) 9.0 -18.0 turn_to_on_spot 167.14040208578206 33.060402085782016 2 
2021-06-09 16:09:22.597821 [47.106698167, 7.216823333] 133.07 0.6869868378959827 (47.106653985807164, 7.216847330313385) 9.5 -19.0 turn_to_on_spot 167.14040208578206 34.07040208578201 2 
2021-06-09 16:09:22.699534 [47.106698167, 7.216823333] 133.07 0.6869868378959827 (47.106653985807164, 7.216847330313385) 9.5 -19.0 turn_to_on_spot 167.14040208578206 34.07040208578201 2 
2021-06-09 16:09:22.801198 [47.106698167, 7.216823333] 133.07 0.6869868378959827 (47.106653985807164, 7.216847330313385) 9.5 -19.0 turn_to_on_spot 167.14040208578206 34.07040208578201 2 
2021-06-09 16:09:22.902732 [47.106698167, 7.216823333] 133.07 0.6869868378959827 (47.106653985807164, 7.216847330313385) 9.5 -19.0 turn_to_on_spot 167.14040208578206 34.07040208578201 2 
2021-06-09 16:09:23.004225 [47.106698167, 7.216823333] 133.07 0.6869868378959827 (47.106653985807164, 7.216847330313385) 9.5 -19.0 turn_to_on_spot 167.14040208578206 34.07040208578201 2 
2021-06-09 16:09:23.105766 [47.106698167, 7.216823333] 133.07 0.6869868378959827 (47.106653985807164, 7.216847330313385) 9.5 -19.0 turn_to_on_spot 167.14040208578206 34.07040208578201 2 
2021-06-09 16:09:23.207714 [47.106698167, 7.216823333] 134.25 0.0 (47.106653985807164, 7.216847330313385) 9.0 -18.0 turn_to_on_spot 167.14040208578206 32.89040208578206 2 
2021-06-09 16:09:23.309897 [47.106698167, 7.216823333] 134.25 0.0 (47.106653985807164, 7.216847330313385) 9.0 -18.0 turn_to_on_spot 167.14040208578206 32.89040208578206 2 
2021-06-09 16:09:23.412674 [47.106698167, 7.216823333] 135.31 0.0 (47.106653985807164, 7.216847330313385) 9.0 -18.0 turn_to_on_spot 167.14040208578206 31.830402085781998 2 
2021-06-09 16:09:23.514328 [47.106698167, 7.216823333] 136.47 0.0 (47.106653985807164, 7.216847330313385) 8.5 -17.0 turn_to_on_spot 167.14040208578206 30.67040208578203 2 
2021-06-09 16:09:23.615857 [47.106698167, 7.216823333] 138.82 0.0 (47.106653985807164, 7.216847330313385) 8.0 -16.0 turn_to_on_spot 167.14040208578206 28.320402085782007 2 
2021-06-09 16:09:23.717500 [47.106698167, 7.216823333] 139.9 0.0 (47.106653985807164, 7.216847330313385) 7.5 -15.0 turn_to_on_spot 167.14040208578206 27.24040208578208 2 
2021-06-09 16:09:23.819134 [47.106698167, 7.216823333] 141.04 0.0 (47.106653985807164, 7.216847330313385) 7.5 -15.0 turn_to_on_spot 167.14040208578206 26.100402085782093 2 
2021-06-09 16:09:23.920763 [47.106698167, 7.216823333] 143.44 0.0 (47.106653985807164, 7.216847330313385) 6.5 -13.0 turn_to_on_spot 167.14040208578206 23.700402085782116 2 
2021-06-09 16:09:24.022421 [47.106698167, 7.216823333] 144.65 0.0 (47.106653985807164, 7.216847330313385) 6.0 -12.0 turn_to_on_spot 167.14040208578206 22.49040208578208 2 
2021-06-09 16:09:24.124046 [47.106698167, 7.216823333] 145.87 0.0 (47.106653985807164, 7.216847330313385) 6.0 -12.0 turn_to_on_spot 167.14040208578206 21.270402085782052 2 
2021-06-09 16:09:24.226018 [47.106698167, 7.216823333] 148.4 0.0 (47.106653985807164, 7.216847330313385) 5.0 -10.0 turn_to_on_spot 167.14040208578206 18.74040208578208 2 
2021-06-09 16:09:24.328338 [47.106698167, 7.216823333] 150.67 0.0 (47.106653985807164, 7.216847330313385) 4.5 -9.0 turn_to_on_spot 167.14040208578206 16.470402085782098 2 
2021-06-09 16:09:24.430608 [47.106693167, 7.216824667] 151.79 1.8935334010751443 (47.106653985807164, 7.216847330313385) 4.5 -9.0 turn_to_on_spot 167.14040208578206 15.350402085782093 2 
2021-06-09 16:09:24.533245 [47.106693167, 7.216824667] 152.96 1.8935334010751443 (47.106653985807164, 7.216847330313385) 4.0 -8.0 turn_to_on_spot 167.14040208578206 14.18040208578202 2 
2021-06-09 16:09:24.635485 [47.106693167, 7.216824667] 155.24 1.8935334010751443 (47.106653985807164, 7.216847330313385) 3.5 -7.0 turn_to_on_spot 167.14040208578206 11.900402085782048 2 
2021-06-09 16:09:24.737929 [47.106693167, 7.216824667] 156.38 1.8935334010751443 (47.106653985807164, 7.216847330313385) 3.0 -6.0 turn_to_on_spot 167.14040208578206 10.760402085782061 2 
2021-06-09 16:09:24.840117 [47.106693167, 7.216824667] 158.63 1.8935334010751443 (47.106653985807164, 7.216847330313385) 2.5 -5.0 turn_to_on_spot 167.14040208578206 8.510402085782061 2 
2021-06-09 16:09:24.941800 [47.106693167, 7.216824667] 159.89 1.8935334010751443 (47.106653985807164, 7.216847330313385) 2.0 -4.0 turn_to_on_spot 167.14040208578206 7.250402085782071 2 
2021-06-09 16:09:25.043423 [47.106693167, 7.216824667] 162.36 1.8935334010751443 (47.106653985807164, 7.216847330313385) 1.5 -3.0 turn_to_on_spot 167.14040208578206 4.780402085782043 1.9 
2021-06-09 16:09:25.144938 [47.106692167, 7.216824833] 163.56 0.0 (47.106653985807164, 7.216847330313385) 1.0 -2.0 turn_to_on_spot 167.14040208578206 3.580402085781998 1.8 
2021-06-09 16:09:25.246571 [47.106692167, 7.216824833] 165.91 0.0 (47.106653985807164, 7.216847330313385) 0.5 -1.0 turn_to_on_spot 167.14040208578206 1.2304020857820888 1.7 
2021-06-09 16:09:25.348108 [47.106692167, 7.216824833] 167.2 0.0 (47.106653985807164, 7.216847330313385) -0.0 0.0 turn_to_on_spot 167.14040208578206 -0.05959791421787486 1.6 
2021-06-09 16:09:25.449779 [47.106692167, 7.216824833] 168.46 0.0 (47.106653985807164, 7.216847330313385) -1.0 0.5 turn_to_on_spot 167.14040208578206 -1.3195979142179795 1.5 
2021-06-09 16:09:25.551402 [47.106692167, 7.216824833] 171.5 0.0 (47.106653985807164, 7.216847330313385) -2.0 1.0 turn_to_on_spot 167.14040208578206 -4.359597914217943 1.4 
2021-06-09 16:09:25.671815 [47.106692167, 7.216824833] 172.58 0.0 (47.106653985807164, 7.216847330313385) -3.0 1.5 turn_to_on_spot 167.14040208578206 -5.439597914217984 2 
2021-06-09 16:09:25.773428 [47.106692167, 7.216824833] 174.62 0.0 (47.106653985807164, 7.216847330313385) -4.0 2.0 turn_to_on_spot 167.14040208578206 -7.479597914217948 2 
2021-06-09 16:09:25.875046 [47.106692167, 7.216824833] 175.82 0.0 (47.106653985807164, 7.216847330313385) -5.0 2.5 turn_to_on_spot 167.14040208578206 -8.679597914217993 2 
2021-06-09 16:09:25.976706 [47.106692167, 7.216824833] 176.96 0.0 (47.106653985807164, 7.216847330313385) -5.0 2.5 turn_to_on_spot 167.14040208578206 -9.81959791421798 2 
2021-06-09 16:09:26.078817 [47.106692167, 7.216824833] 178.17 0.0 (47.106653985807164, 7.216847330313385) -6.0 3.0 turn_to_on_spot 167.14040208578206 -11.029597914217902 2 
2021-06-09 16:09:26.181465 [47.106692167, 7.216824833] 179.27 0.0 (47.106653985807164, 7.216847330313385) -7.0 3.5 turn_to_on_spot 167.14040208578206 -12.129597914217925 2 
2021-06-09 16:09:26.283699 [47.106691167, 7.216824333] 181.66 1.709698580123309 (47.106653985807164, 7.216847330313385) -8.0 4.0 turn_to_on_spot 167.14040208578206 -14.519597914217911 2 
2021-06-09 16:09:26.386092 [47.106691167, 7.216824333] 182.78 1.709698580123309 (47.106653985807164, 7.216847330313385) -9.0 4.5 turn_to_on_spot 167.14040208578206 -15.639597914217916 2 
2021-06-09 16:09:26.487748 [47.106691167, 7.216824333] 183.93 1.709698580123309 (47.106653985807164, 7.216847330313385) -9.0 4.5 turn_to_on_spot 167.14040208578206 -16.789597914217893 2 
2021-06-09 16:09:26.589258 [47.106691167, 7.216824333] 183.93 1.709698580123309 (47.106653985807164, 7.216847330313385) -9.0 4.5 turn_to_on_spot 167.14040208578206 -16.789597914217893 2 
2021-06-09 16:09:26.690949 [47.106691167, 7.216824333] 185.01 1.709698580123309 (47.106653985807164, 7.216847330313385) -10.0 5.0 turn_to_on_spot 167.14040208578206 -17.869597914217934 2 
2021-06-09 16:09:26.792549 [47.106691167, 7.216824333] 186.12 1.709698580123309 (47.106653985807164, 7.216847330313385) -11.0 5.5 turn_to_on_spot 167.14040208578206 -18.979597914217948 2 
2021-06-09 16:09:26.894058 [47.106691167, 7.216824333] 187.2 1.709698580123309 (47.106653985807164, 7.216847330313385) -11.0 5.5 turn_to_on_spot 167.14040208578206 -20.059597914217875 2 
2021-06-09 16:09:26.995566 [47.106691167, 7.216824333] 188.33 1.709698580123309 (47.106653985807164, 7.216847330313385) -12.0 6.0 turn_to_on_spot 167.14040208578206 -21.189597914217984 2 
2021-06-09 16:09:27.097614 [47.106691167, 7.216824333] 188.33 1.709698580123309 (47.106653985807164, 7.216847330313385) -12.0 6.0 turn_to_on_spot 167.14040208578206 -21.189597914217984 2 
2021-06-09 16:09:27.200162 [47.106691167, 7.216824333] 188.33 0.0 (47.106653985807164, 7.216847330313385) -12.0 6.0 turn_to_on_spot 167.14040208578206 -21.189597914217984 2 
2021-06-09 16:09:27.302190 [47.106691167, 7.216824333] 188.33 0.0 (47.106653985807164, 7.216847330313385) -12.0 6.0 turn_to_on_spot 167.14040208578206 -21.189597914217984 2 
2021-06-09 16:09:27.403998 [47.106691167, 7.216824333] 189.34 0.0 (47.106653985807164, 7.216847330313385) -12.0 6.0 turn_to_on_spot 167.14040208578206 -22.199597914217975 2 
2021-06-09 16:09:27.505525 [47.1066905, 7.216823833] 189.34 0.33686581562076934 (47.106653985807164, 7.216847330313385) -12.0 6.0 turn_to_on_spot 167.14040208578206 -22.199597914217975 2 
2021-06-09 16:09:27.607171 [47.1066905, 7.216823833] 190.4 0.33686581562076934 (47.106653985807164, 7.216847330313385) -13.0 6.5 turn_to_on_spot 167.14040208578206 -23.25959791421792 2 
2021-06-09 16:09:27.708783 [47.1066905, 7.216823833] 190.4 0.33686581562076934 (47.106653985807164, 7.216847330313385) -13.0 6.5 turn_to_on_spot 167.14040208578206 -23.25959791421792 2 
2021-06-09 16:09:27.810432 [47.1066905, 7.216823833] 190.4 0.33686581562076934 (47.106653985807164, 7.216847330313385) -13.0 6.5 turn_to_on_spot 167.14040208578206 -23.25959791421792 2 
2021-06-09 16:09:27.911932 [47.1066905, 7.216823833] 190.4 0.33686581562076934 (47.106653985807164, 7.216847330313385) -13.0 6.5 turn_to_on_spot 167.14040208578206 -23.25959791421792 2 
2021-06-09 16:09:28.013489 [47.1066905, 7.216823833] 190.4 0.33686581562076934 (47.106653985807164, 7.216847330313385) -13.0 6.5 turn_to_on_spot 167.14040208578206 -23.25959791421792 2 
2021-06-09 16:09:28.115502 [47.1066905, 7.216823833] 189.34 0.33686581562076934 (47.106653985807164, 7.216847330313385) -12.0 6.0 turn_to_on_spot 167.14040208578206 -22.199597914217975 2 
2021-06-09 16:09:28.217448 [47.1066905, 7.216823833] 189.34 0.0 (47.106653985807164, 7.216847330313385) -12.0 6.0 turn_to_on_spot 167.14040208578206 -22.199597914217975 2 
2021-06-09 16:09:28.324064 [47.106687333, 7.216822167] 188.3 1.9864286216751565 (47.106653985807164, 7.216847330313385) -12.0 6.0 turn_to_on_spot 167.14040208578206 -21.15959791421801 2 
2021-06-09 16:09:28.426329 [47.106687333, 7.216822167] 188.3 1.9864286216751565 (47.106653985807164, 7.216847330313385) -12.0 6.0 turn_to_on_spot 167.14040208578206 -21.15959791421801 2 
2021-06-09 16:09:28.527997 [47.106687333, 7.216822167] 188.3 1.9864286216751565 (47.106653985807164, 7.216847330313385) -12.0 6.0 turn_to_on_spot 167.14040208578206 -21.15959791421801 2 
2021-06-09 16:09:28.629656 [47.106687333, 7.216822167] 187.09 1.9864286216751565 (47.106653985807164, 7.216847330313385) -11.0 5.5 turn_to_on_spot 167.14040208578206 -19.949597914217975 2 
2021-06-09 16:09:28.732700 [47.106687333, 7.216822167] 185.96 1.9864286216751565 (47.106653985807164, 7.216847330313385) -11.0 5.5 turn_to_on_spot 167.14040208578206 -19.949597914217975 2 
2021-06-09 16:09:28.834133 [47.106687333, 7.216822167] 185.96 1.9864286216751565 (47.106653985807164, 7.216847330313385) -10.0 5.0 turn_to_on_spot 167.14040208578206 -18.81959791421798 2 
2021-06-09 16:09:28.935699 [47.106687333, 7.216822167] 184.76 1.9864286216751565 (47.106653985807164, 7.216847330313385) -10.0 5.0 turn_to_on_spot 167.14040208578206 -17.619597914217934 2 
2021-06-09 16:09:29.037294 [47.106687333, 7.216822167] 183.76 1.9864286216751565 (47.106653985807164, 7.216847330313385) -9.0 4.5 turn_to_on_spot 167.14040208578206 -16.619597914217934 2 
2021-06-09 16:09:29.139115 [47.106687333, 7.216822167] 182.75 0.0 (47.106653985807164, 7.216847330313385) -9.0 4.5 turn_to_on_spot 167.14040208578206 -15.609597914217943 2 
2021-06-09 16:09:29.241387 [47.106686667, 7.216821833] 181.69 2.1834480129058167 (47.106653985807164, 7.216847330313385) -8.0 4.0 turn_to_on_spot 167.14040208578206 -14.549597914217884 2 
2021-06-09 16:09:29.344063 [47.106686667, 7.216821833] 181.69 2.1834480129058167 (47.106653985807164, 7.216847330313385) -8.0 4.0 turn_to_on_spot 167.14040208578206 -14.549597914217884 2 
2021-06-09 16:09:29.446142 [47.106686667, 7.216821833] 180.56 2.1834480129058167 (47.106653985807164, 7.216847330313385) -7.0 3.5 turn_to_on_spot 167.14040208578206 -13.419597914218002 2 
2021-06-09 16:09:29.547762 [47.106686667, 7.216821833] 179.51 2.1834480129058167 (47.106653985807164, 7.216847330313385) -7.0 3.5 turn_to_on_spot 167.14040208578206 -12.369597914217934 2 
2021-06-09 16:09:29.649419 [47.106686667, 7.216821833] 178.37 2.1834480129058167 (47.106653985807164, 7.216847330313385) -6.0 3.0 turn_to_on_spot 167.14040208578206 -11.229597914217948 2 
2021-06-09 16:09:29.750893 [47.106686667, 7.216821833] 177.19 2.1834480129058167 (47.106653985807164, 7.216847330313385) -6.0 3.0 turn_to_on_spot 167.14040208578206 -10.049597914217884 2 
2021-06-09 16:09:29.852407 [47.106686667, 7.216821833] 176.11 2.1834480129058167 (47.106653985807164, 7.216847330313385) -5.0 2.5 turn_to_on_spot 167.14040208578206 -8.969597914217957 2 
2021-06-09 16:09:29.953911 [47.106686667, 7.216821833] 175.03 2.1834480129058167 (47.106653985807164, 7.216847330313385) -4.0 2.0 turn_to_on_spot 167.14040208578206 -7.889597914217916 2 
2021-06-09 16:09:30.055946 [47.106686667, 7.216821833] 173.97 2.1834480129058167 (47.106653985807164, 7.216847330313385) -4.0 2.0 turn_to_on_spot 167.14040208578206 -6.82959791421797 2 
2021-06-09 16:09:30.158035 [47.106686667, 7.216821833] 173.97 0.0 (47.106653985807164, 7.216847330313385) -4.0 2.0 turn_to_on_spot 167.14040208578206 -6.82959791421797 2 
2021-06-09 16:09:30.259890 [47.106686667, 7.216821833] 171.93 0.0 (47.106653985807164, 7.216847330313385) -3.0 1.5 turn_to_on_spot 167.14040208578206 -4.789597914217893 1.9 
2021-06-09 16:09:30.362575 [47.106686, 7.216821833] 170.78 0.5043401303322353 (47.106653985807164, 7.216847330313385) -2.0 1.0 turn_to_on_spot 167.14040208578206 -3.639597914217916 1.8 
2021-06-09 16:09:30.465712 [47.106686, 7.216821833] 170.78 0.5043401303322353 (47.106653985807164, 7.216847330313385) -2.0 1.0 turn_to_on_spot 167.14040208578206 -3.639597914217916 1.7 
2021-06-09 16:09:30.567377 [47.106686, 7.216821833] 168.56 0.5043401303322353 (47.106653985807164, 7.216847330313385) -1.0 0.5 turn_to_on_spot 167.14040208578206 -1.4195979142180022 1.6 
2021-06-09 16:09:30.668856 [47.106686, 7.216821833] 167.41 0.5043401303322353 (47.106653985807164, 7.216847330313385) -0.0 0.0 turn_to_on_spot 167.14040208578206 -0.26959791421791124 1.5 
2021-06-09 16:09:30.771136 [47.106686, 7.216821833] 167.41 0.5043401303322353 (47.106653985807164, 7.216847330313385) -0.0 0.0 turn_to_on_spot 167.14040208578206 -0.26959791421791124 1.4 
2021-06-09 16:09:30.872746 [47.106686, 7.216821833] 166.29 0.5043401303322353 (47.106653985807164, 7.216847330313385) 0.0 -0.0 turn_to_on_spot 167.14040208578206 0.8504020857820933 1.3 
2021-06-09 16:09:30.974412 [47.106686, 7.216821833] 165.29 0.5043401303322353 (47.106653985807164, 7.216847330313385) 0.5 -1.0 turn_to_on_spot 167.14040208578206 1.8504020857820933 1.2000000000000002 
2021-06-09 16:09:31.076534 [47.106686, 7.216821833] 164.28 0.5043401303322353 (47.106653985807164, 7.216847330313385) 1.0 -2.0 turn_to_on_spot 167.14040208578206 2.860402085782084 1.1 
2021-06-09 16:09:31.178711 [47.106686, 7.216821833] 163.02 0.0 (47.106653985807164, 7.216847330313385) 1.0 -2.0 turn_to_on_spot 167.14040208578206 4.120402085782075 1.0 
2021-06-09 16:09:31.280919 [47.106686, 7.216821833] 161.94 0.0 (47.106653985807164, 7.216847330313385) 1.5 -3.0 turn_to_on_spot 167.14040208578206 5.200402085782116 2 
2021-06-09 16:09:31.383085 [47.106686, 7.216821833] 160.89 0.0 (47.106653985807164, 7.216847330313385) 1.5 -3.0 turn_to_on_spot 167.14040208578206 6.250402085782071 2 
2021-06-09 16:09:31.485386 [47.106686, 7.216821833] 160.89 0.0 (47.106653985807164, 7.216847330313385) 1.5 -3.0 turn_to_on_spot 167.14040208578206 6.250402085782071 2 
2021-06-09 16:09:31.587315 [47.106686, 7.216821833] 158.71 0.0 (47.106653985807164, 7.216847330313385) 2.5 -5.0 turn_to_on_spot 167.14040208578206 8.43040208578202 2 
2021-06-09 16:09:31.688987 [47.106686, 7.216821833] 158.71 0.0 (47.106653985807164, 7.216847330313385) 2.5 -5.0 turn_to_on_spot 167.14040208578206 8.43040208578202 2 
2021-06-09 16:09:31.791367 [47.106686, 7.216821833] 157.61 0.0 (47.106653985807164, 7.216847330313385) 2.5 -5.0 turn_to_on_spot 167.14040208578206 8.43040208578202 2 
2021-06-09 16:09:31.893636 [47.106686, 7.216821833] 156.6 0.0 (47.106653985807164, 7.216847330313385) 2.5 -5.0 turn_to_on_spot 167.14040208578206 9.530402085782043 2 
2021-06-09 16:09:31.995121 [47.106686, 7.216821833] 155.58 0.0 (47.106653985807164, 7.216847330313385) 3.0 -6.0 turn_to_on_spot 167.14040208578206 11.560402085782016 2 
2021-06-09 16:09:32.097065 [47.106686, 7.216821833] 155.58 0.0 (47.106653985807164, 7.216847330313385) 3.0 -6.0 turn_to_on_spot 167.14040208578206 11.560402085782016 2 
2021-06-09 16:09:32.199250 [47.106686, 7.216821833] 154.46 0.0 (47.106653985807164, 7.216847330313385) 3.5 -7.0 turn_to_on_spot 167.14040208578206 12.68040208578202 2 
2021-06-09 16:09:32.301820 [47.106686, 7.216821833] 154.46 0.0 (47.106653985807164, 7.216847330313385) 3.5 -7.0 turn_to_on_spot 167.14040208578206 12.68040208578202 2 
2021-06-09 16:09:32.403729 [47.106682667, 7.216821167] 153.4 1.5526288127580299 (47.106653985807164, 7.216847330313385) 4.0 -8.0 turn_to_on_spot 167.14040208578206 13.74040208578208 2 
2021-06-09 16:09:32.505399 [47.106682667, 7.216821167] 153.4 1.5526288127580299 (47.106653985807164, 7.216847330313385) 4.0 -8.0 turn_to_on_spot 167.14040208578206 13.74040208578208 2 
2021-06-09 16:09:32.606931 [47.106682667, 7.216821167] 152.27 1.5526288127580299 (47.106653985807164, 7.216847330313385) 4.0 -8.0 turn_to_on_spot 167.14040208578206 14.870402085782075 2 
2021-06-09 16:09:32.708556 [47.106682667, 7.216821167] 151.09 1.5526288127580299 (47.106653985807164, 7.216847330313385) 4.5 -9.0 turn_to_on_spot 167.14040208578206 16.050402085782025 2 
2021-06-09 16:09:32.810088 [47.106682667, 7.216821167] 151.09 1.5526288127580299 (47.106653985807164, 7.216847330313385) 4.5 -9.0 turn_to_on_spot 167.14040208578206 16.050402085782025 2 
2021-06-09 16:09:32.911835 [47.106682667, 7.216821167] 150.03 1.5526288127580299 (47.106653985807164, 7.216847330313385) 5.0 -10.0 turn_to_on_spot 167.14040208578206 17.110402085782084 2 
2021-06-09 16:09:33.013484 [47.106682667, 7.216821167] 150.03 1.5526288127580299 (47.106653985807164, 7.216847330313385) 5.0 -10.0 turn_to_on_spot 167.14040208578206 17.110402085782084 2 
2021-06-09 16:09:33.115836 [47.106682667, 7.216821167] 150.03 1.5526288127580299 (47.106653985807164, 7.216847330313385) 5.0 -10.0 turn_to_on_spot 167.14040208578206 17.110402085782084 2 
2021-06-09 16:09:33.217744 [47.106682333, 7.216821333] 150.03 0.7865994992428424 (47.106653985807164, 7.216847330313385) 5.0 -10.0 turn_to_on_spot 167.14040208578206 17.110402085782084 2 
2021-06-09 16:09:33.319383 [47.106682333, 7.216821333] 148.98 0.7865994992428424 (47.106653985807164, 7.216847330313385) 5.0 -10.0 turn_to_on_spot 167.14040208578206 18.16040208578204 2 
2021-06-09 16:09:33.421145 [47.106682333, 7.216821333] 148.98 0.7865994992428424 (47.106653985807164, 7.216847330313385) 5.0 -10.0 turn_to_on_spot 167.14040208578206 18.16040208578204 2 
2021-06-09 16:09:33.522918 [47.106682333, 7.216821333] 148.98 0.7865994992428424 (47.106653985807164, 7.216847330313385) 5.0 -10.0 turn_to_on_spot 167.14040208578206 18.16040208578204 2 
2021-06-09 16:09:33.624500 [47.106682333, 7.216821333] 148.98 0.7865994992428424 (47.106653985807164, 7.216847330313385) 5.0 -10.0 turn_to_on_spot 167.14040208578206 18.16040208578204 2 
2021-06-09 16:09:33.726040 [47.106682333, 7.216821333] 148.98 0.7865994992428424 (47.106653985807164, 7.216847330313385) 5.0 -10.0 turn_to_on_spot 167.14040208578206 18.16040208578204 2 
2021-06-09 16:09:33.827538 [47.106682333, 7.216821333] 148.98 0.7865994992428424 (47.106653985807164, 7.216847330313385) 5.0 -10.0 turn_to_on_spot 167.14040208578206 18.16040208578204 2 
2021-06-09 16:09:33.929198 [47.106682333, 7.216821333] 150.12 0.7865994992428424 (47.106653985807164, 7.216847330313385) 4.5 -9.0 turn_to_on_spot 167.14040208578206 17.020402085782052 2 
2021-06-09 16:09:34.030801 [47.106682333, 7.216821333] 151.22 0.7865994992428424 (47.106653985807164, 7.216847330313385) 4.5 -9.0 turn_to_on_spot 167.14040208578206 15.92040208578203 2 
2021-06-09 16:09:34.137624 [47.106682333, 7.216821333] 151.22 0.0 (47.106653985807164, 7.216847330313385) 4.5 -9.0 turn_to_on_spot 167.14040208578206 15.92040208578203 2 
2021-06-09 16:09:34.239874 [47.106682333, 7.216821333] 152.23 0.0 (47.106653985807164, 7.216847330313385) 4.0 -8.0 turn_to_on_spot 167.14040208578206 14.910402085782039 2 
2021-06-09 16:09:34.342211 [47.106682333, 7.216821333] 152.23 0.0 (47.106653985807164, 7.216847330313385) 4.0 -8.0 turn_to_on_spot 167.14040208578206 14.910402085782039 2 
2021-06-09 16:09:34.444268 [47.106682333, 7.216821333] 153.32 0.0 (47.106653985807164, 7.216847330313385) 4.0 -8.0 turn_to_on_spot 167.14040208578206 13.820402085782007 2 
2021-06-09 16:09:34.545958 [47.106682333, 7.216821333] 153.32 0.0 (47.106653985807164, 7.216847330313385) 4.0 -8.0 turn_to_on_spot 167.14040208578206 13.820402085782007 2 
2021-06-09 16:09:34.647634 [47.106682333, 7.216821333] 154.44 0.0 (47.106653985807164, 7.216847330313385) 3.5 -7.0 turn_to_on_spot 167.14040208578206 12.700402085782116 2 
2021-06-09 16:09:34.749230 [47.106682333, 7.216821333] 155.6 0.0 (47.106653985807164, 7.216847330313385) 3.0 -6.0 turn_to_on_spot 167.14040208578206 11.540402085782034 2 
2021-06-09 16:09:34.850867 [47.106682333, 7.216821333] 156.74 0.0 (47.106653985807164, 7.216847330313385) 3.0 -6.0 turn_to_on_spot 167.14040208578206 10.400402085782048 2 
2021-06-09 16:09:34.952488 [47.106682333, 7.216821333] 157.87 0.0 (47.106653985807164, 7.216847330313385) 2.5 -5.0 turn_to_on_spot 167.14040208578206 9.270402085782052 2 
2021-06-09 16:09:35.054009 [47.106682333, 7.216821333] 159.08 0.0 (47.106653985807164, 7.216847330313385) 2.0 -4.0 turn_to_on_spot 167.14040208578206 8.060402085782016 2 
2021-06-09 16:09:35.155959 [47.1066815, 7.216821167] 159.08 0.09515903491567462 (47.106653985807164, 7.216847330313385) 2.0 -4.0 turn_to_on_spot 167.14040208578206 8.060402085782016 2 
2021-06-09 16:09:35.259686 [47.1066815, 7.216821167] 161.26 0.0 (47.106653985807164, 7.216847330313385) 1.5 -3.0 turn_to_on_spot 167.14040208578206 5.880402085782066 2 
2021-06-09 16:09:35.362780 [47.1066815, 7.216821167] 162.34 0.0 (47.106653985807164, 7.216847330313385) 1.5 -3.0 turn_to_on_spot 167.14040208578206 4.800402085782025 1.9 
2021-06-09 16:09:35.464809 [47.1066815, 7.216821167] 162.34 0.0 (47.106653985807164, 7.216847330313385) 1.5 -3.0 turn_to_on_spot 167.14040208578206 4.800402085782025 1.8 
2021-06-09 16:09:35.566694 [47.1066815, 7.216821167] 164.63 0.0 (47.106653985807164, 7.216847330313385) 0.5 -1.0 turn_to_on_spot 167.14040208578206 2.5104020857820615 1.7 
2021-06-09 16:09:35.668302 [47.1066815, 7.216821167] 164.63 0.0 (47.106653985807164, 7.216847330313385) 0.5 -1.0 turn_to_on_spot 167.14040208578206 2.5104020857820615 1.6 
2021-06-09 16:09:35.769980 [47.1066815, 7.216821167] 165.75 0.0 (47.106653985807164, 7.216847330313385) 0.5 -1.0 turn_to_on_spot 167.14040208578206 1.390402085782057 1.5 
2021-06-09 16:09:35.871390 [47.106679833, 7.2168205] 166.84 0.27259862791271006 (47.106653985807164, 7.216847330313385) 0.0 -0.0 turn_to_on_spot 167.14040208578206 0.3004020857820251 1.4 
2021-06-09 16:09:35.973094 [47.106679833, 7.2168205] 167.96 0.27259862791271006 (47.106653985807164, 7.216847330313385) -0.0 0.0 turn_to_on_spot 167.14040208578206 -0.8195979142179795 1.3 
2021-06-09 16:09:36.074979 [47.106679833, 7.2168205] 169.07 0.27259862791271006 (47.106653985807164, 7.216847330313385) -1.0 0.5 turn_to_on_spot 167.14040208578206 -1.929597914217993 1.2000000000000002 
2021-06-09 16:09:36.177024 [47.106679833, 7.2168205] 170.4 0.0 (47.106653985807164, 7.216847330313385) -2.0 1.0 turn_to_on_spot 167.14040208578206 -3.2595979142179203 1.1 
2021-06-09 16:09:36.279232 [47.106679833, 7.2168205] 171.54 0.0 (47.106653985807164, 7.216847330313385) -2.0 1.0 turn_to_on_spot 167.14040208578206 -4.399597914217907 1.0 
2021-06-09 16:09:36.381778 [47.106679833, 7.2168205] 171.54 0.0 (47.106653985807164, 7.216847330313385) -2.0 1.0 turn_to_on_spot 167.14040208578206 -4.399597914217907 0.9000000000000001 
2021-06-09 16:09:36.484129 [47.106679833, 7.2168205] 172.59 0.0 (47.106653985807164, 7.216847330313385) -3.0 1.5 turn_to_on_spot 167.14040208578206 -5.449597914217975 2 
2021-06-09 16:09:36.585862 [47.106679833, 7.2168205] 173.64 0.0 (47.106653985807164, 7.216847330313385) -4.0 2.0 turn_to_on_spot 167.14040208578206 -6.499597914217929 2 
2021-06-09 16:09:36.687548 [47.106679833, 7.2168205] 173.64 0.0 (47.106653985807164, 7.216847330313385) -4.0 2.0 turn_to_on_spot 167.14040208578206 -6.499597914217929 2 
2021-06-09 16:09:36.789129 [47.106679833, 7.2168205] 174.74 0.0 (47.106653985807164, 7.216847330313385) -4.0 2.0 turn_to_on_spot 167.14040208578206 -7.599597914217952 2 
2021-06-09 16:09:36.891040 [47.106679833, 7.2168205] 175.88 0.0 (47.106653985807164, 7.216847330313385) -5.0 2.5 turn_to_on_spot 167.14040208578206 -8.739597914217939 2 
2021-06-09 16:09:36.992539 [47.106679833, 7.2168205] 176.97 0.0 (47.106653985807164, 7.216847330313385) -5.0 2.5 turn_to_on_spot 167.14040208578206 -9.82959791421797 2 
2021-06-09 16:09:37.094508 [47.106679333, 7.216820333] 176.97 0.06342303500679199 (47.106653985807164, 7.216847330313385) -5.0 2.5 turn_to_on_spot 167.14040208578206 -9.82959791421797 2 
2021-06-09 16:09:37.196629 [47.106679333, 7.216820333] 178.09 0.0 (47.106653985807164, 7.216847330313385) -6.0 3.0 turn_to_on_spot 167.14040208578206 -10.949597914217975 2 
2021-06-09 16:09:37.299300 [47.106679333, 7.216820333] 178.09 0.0 (47.106653985807164, 7.216847330313385) -6.0 3.0 turn_to_on_spot 167.14040208578206 -10.949597914217975 2 
2021-06-09 16:09:37.401458 [47.106679333, 7.216820333] 179.11 0.0 (47.106653985807164, 7.216847330313385) -7.0 3.5 turn_to_on_spot 167.14040208578206 -11.969597914217957 2 
2021-06-09 16:09:37.503038 [47.106679333, 7.216820333] 179.11 0.0 (47.106653985807164, 7.216847330313385) -7.0 3.5 turn_to_on_spot 167.14040208578206 -11.969597914217957 2 
2021-06-09 16:09:37.604587 [47.106679333, 7.216820333] 180.28 0.0 (47.106653985807164, 7.216847330313385) -7.0 3.5 turn_to_on_spot 167.14040208578206 -13.139597914217916 2 
2021-06-09 16:09:37.706179 [47.106679333, 7.216820333] 180.28 0.0 (47.106653985807164, 7.216847330313385) -7.0 3.5 turn_to_on_spot 167.14040208578206 -13.139597914217916 2 
2021-06-09 16:09:37.807835 [47.106679333, 7.216820333] 181.39 0.0 (47.106653985807164, 7.216847330313385) -8.0 4.0 turn_to_on_spot 167.14040208578206 -14.24959791421793 2 
2021-06-09 16:09:37.909440 [47.106679333, 7.216820333] 181.39 0.0 (47.106653985807164, 7.216847330313385) -8.0 4.0 turn_to_on_spot 167.14040208578206 -14.24959791421793 2 
2021-06-09 16:09:38.010952 [47.106679, 7.216820167] 181.39 0.048169231945993415 (47.106653985807164, 7.216847330313385) -8.0 4.0 turn_to_on_spot 167.14040208578206 -14.24959791421793 2 
2021-06-09 16:09:38.113141 [47.106679, 7.216820167] 182.4 0.048169231945993415 (47.106653985807164, 7.216847330313385) -8.0 4.0 turn_to_on_spot 167.14040208578206 -15.25959791421792 2 
2021-06-09 16:09:38.215308 [47.106679, 7.216820167] 182.4 0.0 (47.106653985807164, 7.216847330313385) -8.0 4.0 turn_to_on_spot 167.14040208578206 -15.25959791421792 2 
2021-06-09 16:09:38.317737 [47.106679, 7.216820167] 182.4 0.0 (47.106653985807164, 7.216847330313385) -8.0 4.0 turn_to_on_spot 167.14040208578206 -15.25959791421792 2 
2021-06-09 16:09:38.419976 [47.106679, 7.216820167] 182.4 0.0 (47.106653985807164, 7.216847330313385) -8.0 4.0 turn_to_on_spot 167.14040208578206 -15.25959791421792 2 
2021-06-09 16:09:38.521770 [47.106679, 7.216820167] 183.41 0.0 (47.106653985807164, 7.216847330313385) -9.0 4.5 turn_to_on_spot 167.14040208578206 -16.26959791421791 2 
2021-06-09 16:09:38.623241 [47.106679, 7.216820167] 183.41 0.0 (47.106653985807164, 7.216847330313385) -9.0 4.5 turn_to_on_spot 167.14040208578206 -16.26959791421791 2 
2021-06-09 16:09:38.724904 [47.106679, 7.216820167] 183.41 0.0 (47.106653985807164, 7.216847330313385) -9.0 4.5 turn_to_on_spot 167.14040208578206 -16.26959791421791 2 
2021-06-09 16:09:38.826386 [47.106679, 7.216820167] 183.41 0.0 (47.106653985807164, 7.216847330313385) -9.0 4.5 turn_to_on_spot 167.14040208578206 -16.26959791421791 2 
2021-06-09 16:09:38.927876 [47.106679, 7.216820167] 183.41 0.0 (47.106653985807164, 7.216847330313385) -9.0 4.5 turn_to_on_spot 167.14040208578206 -16.26959791421791 2 
2021-06-09 16:09:39.029398 [47.106679, 7.216820167] 183.41 0.0 (47.106653985807164, 7.216847330313385) -9.0 4.5 turn_to_on_spot 167.14040208578206 -16.26959791421791 2 
2021-06-09 16:09:39.131702 [47.106679, 7.216820167] 183.41 0.0 (47.106653985807164, 7.216847330313385) -9.0 4.5 turn_to_on_spot 167.14040208578206 -16.26959791421791 2 
2021-06-09 16:09:39.233913 [47.106679, 7.216820167] 182.39 0.0 (47.106653985807164, 7.216847330313385) -8.0 4.0 turn_to_on_spot 167.14040208578206 -15.24959791421793 2 
2021-06-09 16:09:39.336150 [47.106679, 7.216820167] 182.39 0.0 (47.106653985807164, 7.216847330313385) -8.0 4.0 turn_to_on_spot 167.14040208578206 -15.24959791421793 2 
2021-06-09 16:09:39.438754 [47.106679, 7.216820167] 181.29 0.0 (47.106653985807164, 7.216847330313385) -8.0 4.0 turn_to_on_spot 167.14040208578206 -14.149597914217907 2 
2021-06-09 16:09:39.540548 [47.106679, 7.216820167] 181.29 0.0 (47.106653985807164, 7.216847330313385) -8.0 4.0 turn_to_on_spot 167.14040208578206 -14.149597914217907 2 
2021-06-09 16:09:39.642197 [47.106679, 7.216820167] 180.18 0.0 (47.106653985807164, 7.216847330313385) -7.0 3.5 turn_to_on_spot 167.14040208578206 -13.039597914217893 2 
2021-06-09 16:09:39.743810 [47.106679, 7.216820167] 179.02 0.0 (47.106653985807164, 7.216847330313385) -7.0 3.5 turn_to_on_spot 167.14040208578206 -11.879597914217925 2 
2021-06-09 16:09:39.845313 [47.106679, 7.216820167] 177.85 0.0 (47.106653985807164, 7.216847330313385) -6.0 3.0 turn_to_on_spot 167.14040208578206 -10.709597914217966 2 
2021-06-09 16:09:39.947575 [47.106679, 7.216820167] 176.73 0.0 (47.106653985807164, 7.216847330313385) -6.0 3.0 turn_to_on_spot 167.14040208578206 -10.709597914217966 2 
2021-06-09 16:09:40.049216 [47.106679, 7.216820167] 176.73 0.0 (47.106653985807164, 7.216847330313385) -5.0 2.5 turn_to_on_spot 167.14040208578206 -9.589597914217961 2 
2021-06-09 16:09:40.151312 [47.1066765, 7.216819167] 175.64 0.2865679559735474 (47.106653985807164, 7.216847330313385) -5.0 2.5 turn_to_on_spot 167.14040208578206 -8.49959791421793 2 
2021-06-09 16:09:40.253374 [47.1066765, 7.216819167] 174.46 0.0 (47.106653985807164, 7.216847330313385) -4.0 2.0 turn_to_on_spot 167.14040208578206 -7.3195979142179795 2 
2021-06-09 16:09:40.355691 [47.1066765, 7.216819167] 173.15 0.0 (47.106653985807164, 7.216847330313385) -3.0 1.5 turn_to_on_spot 167.14040208578206 -6.00959791421792 2 
2021-06-09 16:09:40.458049 [47.1066765, 7.216819167] 171.91 0.0 (47.106653985807164, 7.216847330313385) -3.0 1.5 turn_to_on_spot 167.14040208578206 -4.769597914217911 1.9 
2021-06-09 16:09:40.560025 [47.1066765, 7.216819167] 169.83 0.0 (47.106653985807164, 7.216847330313385) -1.0 0.5 turn_to_on_spot 167.14040208578206 -2.689597914217984 1.8 
2021-06-09 16:09:40.661616 [47.1066765, 7.216819167] 169.83 0.0 (47.106653985807164, 7.216847330313385) -1.0 0.5 turn_to_on_spot 167.14040208578206 -2.689597914217984 1.7 
2021-06-09 16:09:40.763254 [47.1066765, 7.216819167] 167.6 0.0 (47.106653985807164, 7.216847330313385) -0.0 0.0 turn_to_on_spot 167.14040208578206 -0.4595979142179658 1.6 
2021-06-09 16:09:40.864866 [47.1066765, 7.216819167] 167.6 0.0 (47.106653985807164, 7.216847330313385) -0.0 0.0 turn_to_on_spot 167.14040208578206 -0.4595979142179658 1.5 
2021-06-09 16:09:40.966536 [47.1066765, 7.216819167] 166.54 0.0 (47.106653985807164, 7.216847330313385) 0.0 -0.0 turn_to_on_spot 167.14040208578206 0.6004020857820933 1.4 
2021-06-09 16:09:41.069289 [47.106676, 7.216819] 165.45 0.06667865216796463 (47.106653985807164, 7.216847330313385) 0.5 -1.0 turn_to_on_spot 167.14040208578206 1.6904020857821251 1.3 
2021-06-09 16:09:41.176844 [47.106676, 7.216819] 164.04 0.0 (47.106653985807164, 7.216847330313385) 1.0 -2.0 turn_to_on_spot 167.14040208578206 3.1004020857820933 1.2000000000000002 
2021-06-09 16:09:41.279017 [47.106676, 7.216819] 161.92 0.0 (47.106653985807164, 7.216847330313385) 1.5 -3.0 turn_to_on_spot 167.14040208578206 5.220402085782098 2 
2021-06-09 16:09:41.381651 [47.106676, 7.216819] 160.7 0.0 (47.106653985807164, 7.216847330313385) 2.0 -4.0 turn_to_on_spot 167.14040208578206 6.440402085782125 2 
2021-06-09 16:09:41.483796 [47.106676, 7.216819] 160.7 0.0 (47.106653985807164, 7.216847330313385) 2.0 -4.0 turn_to_on_spot 167.14040208578206 6.440402085782125 2 
2021-06-09 16:09:41.586036 [47.106676, 7.216819] 158.42 0.0 (47.106653985807164, 7.216847330313385) 2.5 -5.0 turn_to_on_spot 167.14040208578206 8.720402085782098 2 
2021-06-09 16:09:41.687576 [47.106676, 7.216819] 157.29 0.0 (47.106653985807164, 7.216847330313385) 2.5 -5.0 turn_to_on_spot 167.14040208578206 9.850402085782093 2 
2021-06-09 16:09:41.789057 [47.106676, 7.216819] 156.21 0.0 (47.106653985807164, 7.216847330313385) 3.0 -6.0 turn_to_on_spot 167.14040208578206 10.93040208578202 2 
2021-06-09 16:09:41.891367 [47.106676, 7.216819] 155.2 0.0 (47.106653985807164, 7.216847330313385) 3.5 -7.0 turn_to_on_spot 167.14040208578206 11.940402085782125 2 
2021-06-09 16:09:41.992927 [47.106676, 7.216819] 154.09 0.0 (47.106653985807164, 7.216847330313385) 3.5 -7.0 turn_to_on_spot 167.14040208578206 13.050402085782025 2 
2021-06-09 16:09:42.094457 [47.106676, 7.216819] 154.09 0.0 (47.106653985807164, 7.216847330313385) 3.5 -7.0 turn_to_on_spot 167.14040208578206 13.050402085782025 2 
2021-06-09 16:09:42.196434 [47.106676, 7.216819] 153.09 0.0 (47.106653985807164, 7.216847330313385) 4.0 -8.0 turn_to_on_spot 167.14040208578206 14.050402085782025 2 
2021-06-09 16:09:42.298885 [47.106676, 7.216819] 151.93 0.0 (47.106653985807164, 7.216847330313385) 4.0 -8.0 turn_to_on_spot 167.14040208578206 15.210402085782107 2 
2021-06-09 16:09:42.401025 [47.106676, 7.216819] 150.82 0.0 (47.106653985807164, 7.216847330313385) 4.5 -9.0 turn_to_on_spot 167.14040208578206 16.320402085782007 2 
2021-06-09 16:09:42.502611 [47.1066735, 7.216818667] 149.59 1.1738606671274185 (47.106653985807164, 7.216847330313385) 5.0 -10.0 turn_to_on_spot 167.14040208578206 17.550402085782025 2 
2021-06-09 16:09:42.604240 [47.1066735, 7.216818667] 148.52 1.1738606671274185 (47.106653985807164, 7.216847330313385) 5.0 -10.0 turn_to_on_spot 167.14040208578206 18.620402085782075 2 
2021-06-09 16:09:42.705837 [47.1066735, 7.216818667] 147.49 1.1738606671274185 (47.106653985807164, 7.216847330313385) 5.5 -11.0 turn_to_on_spot 167.14040208578206 19.650402085782048 2 
2021-06-09 16:09:42.807500 [47.1066735, 7.216818667] 147.49 1.1738606671274185 (47.106653985807164, 7.216847330313385) 5.5 -11.0 turn_to_on_spot 167.14040208578206 19.650402085782048 2 
2021-06-09 16:09:42.908969 [47.1066735, 7.216818667] 146.43 1.1738606671274185 (47.106653985807164, 7.216847330313385) 6.0 -12.0 turn_to_on_spot 167.14040208578206 20.710402085782107 2 
2021-06-09 16:09:43.010610 [47.1066735, 7.216818667] 146.43 1.1738606671274185 (47.106653985807164, 7.216847330313385) 6.0 -12.0 turn_to_on_spot 167.14040208578206 20.710402085782107 2 
2021-06-09 16:09:43.112581 [47.1066735, 7.216818667] 146.43 1.1738606671274185 (47.106653985807164, 7.216847330313385) 6.0 -12.0 turn_to_on_spot 167.14040208578206 20.710402085782107 2 
2021-06-09 16:09:43.214693 [47.106673, 7.216818833] 145.27 1.122652815581299 (47.106653985807164, 7.216847330313385) 6.0 -12.0 turn_to_on_spot 167.14040208578206 21.870402085782075 2 
2021-06-09 16:09:43.316760 [47.106673, 7.216818833] 144.2 1.122652815581299 (47.106653985807164, 7.216847330313385) 6.5 -13.0 turn_to_on_spot 167.14040208578206 22.940402085782125 2 
2021-06-09 16:09:43.418668 [47.106673, 7.216818833] 144.2 1.122652815581299 (47.106653985807164, 7.216847330313385) 6.5 -13.0 turn_to_on_spot 167.14040208578206 22.940402085782125 2 
2021-06-09 16:09:43.520539 [47.106673, 7.216818833] 144.2 1.122652815581299 (47.106653985807164, 7.216847330313385) 6.5 -13.0 turn_to_on_spot 167.14040208578206 22.940402085782125 2 
2021-06-09 16:09:43.622118 [47.106673, 7.216818833] 144.2 1.122652815581299 (47.106653985807164, 7.216847330313385) 6.5 -13.0 turn_to_on_spot 167.14040208578206 22.940402085782125 2 
2021-06-09 16:09:43.723801 [47.106673, 7.216818833] 144.2 1.122652815581299 (47.106653985807164, 7.216847330313385) 6.5 -13.0 turn_to_on_spot 167.14040208578206 22.940402085782125 2 
2021-06-09 16:09:43.825387 [47.106673, 7.216818833] 144.2 1.122652815581299 (47.106653985807164, 7.216847330313385) 6.5 -13.0 turn_to_on_spot 167.14040208578206 22.940402085782125 2 
2021-06-09 16:09:43.927033 [47.106673, 7.216818833] 145.27 1.122652815581299 (47.106653985807164, 7.216847330313385) 6.0 -12.0 turn_to_on_spot 167.14040208578206 21.870402085782075 2 
2021-06-09 16:09:44.028517 [47.106673, 7.216818833] 145.27 1.122652815581299 (47.106653985807164, 7.216847330313385) 6.0 -12.0 turn_to_on_spot 167.14040208578206 21.870402085782075 2 
2021-06-09 16:09:44.143485 [47.106673, 7.216818833] 145.27 0.0 (47.106653985807164, 7.216847330313385) 6.0 -12.0 turn_to_on_spot 167.14040208578206 21.870402085782075 2 
2021-06-09 16:09:44.245543 [47.106673, 7.216818833] 146.37 0.0 (47.106653985807164, 7.216847330313385) 6.0 -12.0 turn_to_on_spot 167.14040208578206 20.770402085782052 2 
2021-06-09 16:09:44.347216 [47.106672167, 7.216818833] 146.37 0.7131666829892503 (47.106653985807164, 7.216847330313385) 6.0 -12.0 turn_to_on_spot 167.14040208578206 20.770402085782052 2 
2021-06-09 16:09:44.448838 [47.106672167, 7.216818833] 147.49 0.7131666829892503 (47.106653985807164, 7.216847330313385) 5.5 -11.0 turn_to_on_spot 167.14040208578206 19.650402085782048 2 
2021-06-09 16:09:44.550384 [47.106672167, 7.216818833] 148.56 0.7131666829892503 (47.106653985807164, 7.216847330313385) 5.0 -10.0 turn_to_on_spot 167.14040208578206 18.580402085781998 2 
2021-06-09 16:09:44.652036 [47.106672167, 7.216818833] 149.67 0.7131666829892503 (47.106653985807164, 7.216847330313385) 5.0 -10.0 turn_to_on_spot 167.14040208578206 17.470402085782098 2 
2021-06-09 16:09:44.753537 [47.106672167, 7.216818833] 149.67 0.7131666829892503 (47.106653985807164, 7.216847330313385) 5.0 -10.0 turn_to_on_spot 167.14040208578206 17.470402085782098 2 
2021-06-09 16:09:44.855323 [47.106672167, 7.216818833] 150.8 0.7131666829892503 (47.106653985807164, 7.216847330313385) 4.5 -9.0 turn_to_on_spot 167.14040208578206 16.34040208578199 2 
2021-06-09 16:09:44.956934 [47.106672167, 7.216818833] 151.81 0.7131666829892503 (47.106653985807164, 7.216847330313385) 4.5 -9.0 turn_to_on_spot 167.14040208578206 15.330402085781998 2 
2021-06-09 16:09:45.059152 [47.106672167, 7.216818833] 152.98 0.7131666829892503 (47.106653985807164, 7.216847330313385) 4.0 -8.0 turn_to_on_spot 167.14040208578206 14.160402085782039 2 
2021-06-09 16:09:45.161401 [47.106672167, 7.216818833] 155.05 0.0 (47.106653985807164, 7.216847330313385) 3.5 -7.0 turn_to_on_spot 167.14040208578206 12.090402085781989 2 
2021-06-09 16:09:45.264285 [47.106672167, 7.216818833] 155.05 0.0 (47.106653985807164, 7.216847330313385) 3.5 -7.0 turn_to_on_spot 167.14040208578206 12.090402085781989 2 
2021-06-09 16:09:45.366099 [47.106672167, 7.216818833] 156.14 0.0 (47.106653985807164, 7.216847330313385) 3.0 -6.0 turn_to_on_spot 167.14040208578206 11.00040208578207 2 
2021-06-09 16:09:45.467887 [47.106672167, 7.216818833] 157.17 0.0 (47.106653985807164, 7.216847330313385) 3.0 -6.0 turn_to_on_spot 167.14040208578206 9.970402085782098 2 
2021-06-09 16:09:45.569588 [47.106672167, 7.216818833] 157.17 0.0 (47.106653985807164, 7.216847330313385) 3.0 -6.0 turn_to_on_spot 167.14040208578206 9.970402085782098 2 
2021-06-09 16:09:45.671213 [47.106672167, 7.216818833] 159.28 0.0 (47.106653985807164, 7.216847330313385) 2.0 -4.0 turn_to_on_spot 167.14040208578206 7.860402085782084 2 
2021-06-09 16:09:45.772874 [47.106672167, 7.216818833] 159.28 0.0 (47.106653985807164, 7.216847330313385) 2.0 -4.0 turn_to_on_spot 167.14040208578206 7.860402085782084 2 
2021-06-09 16:09:45.874474 [47.106672167, 7.216818833] 160.29 0.0 (47.106653985807164, 7.216847330313385) 2.0 -4.0 turn_to_on_spot 167.14040208578206 6.850402085782093 2 
2021-06-09 16:09:45.976115 [47.106672167, 7.216818833] 161.37 0.0 (47.106653985807164, 7.216847330313385) 1.5 -3.0 turn_to_on_spot 167.14040208578206 5.770402085782052 2 
2021-06-09 16:09:46.078181 [47.106672167, 7.216818833] 162.52 0.0 (47.106653985807164, 7.216847330313385) 1.5 -3.0 turn_to_on_spot 167.14040208578206 4.620402085782075 1.9 
2021-06-09 16:09:46.180027 [47.106672167, 7.216818833] 162.52 0.0 (47.106653985807164, 7.216847330313385) 1.5 -3.0 turn_to_on_spot 167.14040208578206 4.620402085782075 1.8 
2021-06-09 16:09:46.281841 [47.106672167, 7.216818833] 163.62 0.0 (47.106653985807164, 7.216847330313385) 1.0 -2.0 turn_to_on_spot 167.14040208578206 3.5204020857820524 1.7 
2021-06-09 16:09:46.383570 [47.106672167, 7.216818833] 163.62 0.0 (47.106653985807164, 7.216847330313385) 1.0 -2.0 turn_to_on_spot 167.14040208578206 3.5204020857820524 1.6 
2021-06-09 16:09:46.485277 [47.106672167, 7.216818833] 164.7 0.0 (47.106653985807164, 7.216847330313385) 0.5 -1.0 turn_to_on_spot 167.14040208578206 2.440402085782125 1.5 
2021-06-09 16:09:46.586874 [47.106672167, 7.216818833] 164.7 0.0 (47.106653985807164, 7.216847330313385) 0.5 -1.0 turn_to_on_spot 167.14040208578206 2.440402085782125 1.4 
2021-06-09 16:09:46.688526 [47.106672167, 7.216818833] 165.72 0.0 (47.106653985807164, 7.216847330313385) 0.5 -1.0 turn_to_on_spot 167.14040208578206 1.4204020857820296 1.3 
2021-06-09 16:09:46.790188 [47.106672167, 7.216818833] 165.72 0.0 (47.106653985807164, 7.216847330313385) 0.5 -1.0 turn_to_on_spot 167.14040208578206 1.4204020857820296 1.2000000000000002 
2021-06-09 16:09:46.891763 [47.106672167, 7.216818833] 165.72 0.0 (47.106653985807164, 7.216847330313385) 0.5 -1.0 turn_to_on_spot 167.14040208578206 1.4204020857820296 1.1 
2021-06-09 16:09:46.993382 [47.106672167, 7.216818833] 165.72 0.0 (47.106653985807164, 7.216847330313385) 0.5 -1.0 turn_to_on_spot 167.14040208578206 1.4204020857820296 1.0 
2021-06-09 16:09:47.094935 [47.106672167, 7.216818833] 165.72 0.0 (47.106653985807164, 7.216847330313385) 0.5 -1.0 turn_to_on_spot 167.14040208578206 1.4204020857820296 0.9000000000000001 
2021-06-09 16:09:47.196595 [47.106668167, 7.216818167] 165.72 9.062958184590745 (47.106653985807164, 7.216847330313385) 0.5 -1.0 turn_to_on_spot 167.14040208578206 1.4204020857820296 0.8 
2021-06-09 16:09:47.298193 [47.106668167, 7.216818167] 166.74 9.062958184590745 (47.106653985807164, 7.216847330313385) 0.0 -0.0 turn_to_on_spot 167.14040208578206 0.40040208578204783 0.7 
2021-06-09 16:09:47.400048 [47.106668167, 7.216818167] 166.74 9.062958184590745 (47.106653985807164, 7.216847330313385) 0.0 -0.0 turn_to_on_spot 167.14040208578206 0.40040208578204783 0.5999999999999999 
2021-06-09 16:09:47.501654 [47.106668167, 7.216818167] 166.74 9.062958184590745 (47.106653985807164, 7.216847330313385) 0.0 -0.0 turn_to_on_spot 167.14040208578206 0.40040208578204783 0.4999999999999998 
2021-06-09 16:09:47.603139 [47.106668167, 7.216818167] 166.74 9.062958184590745 (47.106653985807164, 7.216847330313385) 0.0 -0.0 turn_to_on_spot 167.14040208578206 0.40040208578204783 0.3999999999999997 
2021-06-09 16:09:47.704816 [47.106668167, 7.216818167] 166.74 9.062958184590745 (47.106653985807164, 7.216847330313385) 0.0 -0.0 turn_to_on_spot 167.14040208578206 0.40040208578204783 0.2999999999999996 
2021-06-09 16:09:47.806440 [47.106668167, 7.216818167] 166.74 9.062958184590745 (47.106653985807164, 7.216847330313385) 0.0 -0.0 turn_to_on_spot 167.14040208578206 0.40040208578204783 0.1999999999999995 
2021-06-09 16:09:47.908033 [47.106668167, 7.216818167] 166.74 9.062958184590745 (47.106653985807164, 7.216847330313385) 0.0 -0.0 turn_to_on_spot 167.14040208578206 0.40040208578204783 0.09999999999999942 
2021-06-09 16:09:48.009331 [47.106668167, 7.216818167] 166.74 9.062958184590745 (47.106653985807164, 7.216847330313385) 0 0 throttle 
2021-06-09 16:09:48.010265 [47.106668167, 7.216818167] 166.74 9.062958184590745 (47.106653985807164, 7.216847330313385) 70.0 70.0 throttle 
2021-06-09 16:09:48.011602 [47.106668167, 7.216818167] 166.74 9.062958184590745 (47.106653985807164, 7.216847330313385) 70.0 70.0 autonomous 125.5432337961434 -16.178706481542644 
2021-06-09 16:09:48.113456 [47.106667667, 7.216817833] 165.72 0.06963635356300085 (47.106653985807164, 7.216847330313385) 70.0 70.0 autonomous 124.27201970279009 -20.584388936297525 
2021-06-09 16:09:48.215368 [47.106667667, 7.216817833] 165.72 0.0 (47.106653985807164, 7.216847330313385) 70.0 70.0 autonomous 124.27201970279009 -20.423990148604954 
2021-06-09 16:09:48.317993 [47.106667667, 7.216817833] 165.72 0.0 (47.106653985807164, 7.216847330313385) 70.0 70.0 autonomous 124.27201970279009 -20.609510345632856 
2021-06-09 16:09:48.420998 [47.106667667, 7.216817833] 165.72 0.0 (47.106653985807164, 7.216847330313385) 70.0 70.0 autonomous 124.27201970279009 -20.423990148604954 
2021-06-09 16:09:48.522857 [47.106667667, 7.216817833] 165.72 0.0 (47.106653985807164, 7.216847330313385) 70.0 70.0 autonomous 124.27201970279009 -20.609510345632856 
2021-06-09 16:09:48.624581 [47.106667667, 7.216817833] 165.72 0.0 (47.106653985807164, 7.216847330313385) 70.0 70.0 autonomous 124.27201970279009 -20.423990148604954 
2021-06-09 16:09:48.726289 [47.106667667, 7.216817833] 165.72 0.0 (47.106653985807164, 7.216847330313385) 70.0 70.0 autonomous 124.27201970279009 -20.609510345632856 
2021-06-09 16:09:48.827898 [47.106667667, 7.216817833] 165.72 0.0 (47.106653985807164, 7.216847330313385) 70.0 70.0 autonomous 124.27201970279009 -20.423990148604954 
2021-06-09 16:09:48.929606 [47.106667667, 7.216817833] 166.75 0.0 (47.106653985807164, 7.216847330313385) 70.0 70.0 autonomous 124.27201970279009 -21.011210345632854 
2021-06-09 16:09:49.031412 [47.106667667, 7.216817833] 166.75 0.0 (47.106653985807164, 7.216847330313385) 70.0 70.0 autonomous 124.27201970279009 -20.938990148604955 
2021-06-09 16:09:49.133817 [47.106667667, 7.216817833] 166.75 0.0 (47.106653985807164, 7.216847330313385) 70.0 70.0 autonomous 124.27201970279009 -21.114210345632856 
2021-06-09 16:09:49.236931 [47.106667667, 7.216817833] 167.81 0.0 (47.106653985807164, 7.216847330313385) 70.0 70.0 autonomous 124.27201970279009 -21.362990148604954 
2021-06-09 16:09:49.339753 [47.106667667, 7.216817833] 167.81 0.0 (47.106653985807164, 7.216847330313385) 70.0 70.0 autonomous 124.27201970279009 -21.633610345632857 
2021-06-09 16:09:49.443722 [47.106660833, 7.216816667] 167.81 2.6300233177235817 (47.106653985807164, 7.216847330313385) 70.0 70.0 autonomous 108.1635771679563 -27.91236716253847 
2021-06-09 16:09:49.545504 [47.106660833, 7.216816667] 167.81 2.6300233177235817 (47.106653985807164, 7.216847330313385) 70.0 70.0 autonomous 108.1635771679563 -29.52674718770141 
2021-06-09 16:09:49.647179 [47.106660833, 7.216816667] 167.81 2.6300233177235817 (47.106653985807164, 7.216847330313385) 70.0 70.0 autonomous 108.1635771679563 -29.523211416021848 
2021-06-09 16:09:49.748867 [47.106660833, 7.216816667] 167.81 2.6300233177235817 (47.106653985807164, 7.216847330313385) 70.0 70.0 autonomous 108.1635771679563 -29.52674718770141 
2021-06-09 16:09:49.850434 [47.106660833, 7.216816667] 167.81 2.6300233177235817 (47.106653985807164, 7.216847330313385) 70.0 70.0 autonomous 108.1635771679563 -29.523211416021848 
2021-06-09 16:09:49.952134 [47.106660833, 7.216816667] 167.81 2.6300233177235817 (47.106653985807164, 7.216847330313385) 70.0 70.0 autonomous 108.1635771679563 -29.52674718770141 
2021-06-09 16:09:50.053846 [47.106660833, 7.216816667] 167.81 2.6300233177235817 (47.106653985807164, 7.216847330313385) 70.0 70.0 autonomous 108.1635771679563 -29.523211416021848 
2021-06-09 16:09:50.155594 [47.106657, 7.216816667] 167.81 0.6592729830256204 (47.106653985807164, 7.216847330313385) 70.0 70.0 autonomous 98.21800975042419 -33.501438383034696 
2021-06-09 16:09:50.257891 [47.106657, 7.216816667] 167.81 0.0 (47.106653985807164, 7.216847330313385) 70.0 70.0 autonomous 98.21800975042419 -34.49599512478791 
2021-06-09 16:09:50.360120 [47.106657, 7.216816667] 167.81 0.0 (47.106653985807164, 7.216847330313385) 70.0 70.0 autonomous 98.21800975042419 -34.49599512478791 
2021-06-09 16:09:50.462356 [47.106657, 7.216816667] 167.81 0.0 (47.106653985807164, 7.216847330313385) 70.0 70.0 autonomous 98.21800975042419 -34.49599512478791 
2021-06-09 16:09:50.564174 [47.106657, 7.216816667] 167.81 0.0 (47.106653985807164, 7.216847330313385) 70.0 70.0 autonomous 98.21800975042419 -34.49599512478791 
2021-06-09 16:09:50.665815 [47.106657, 7.216816667] 167.81 0.0 (47.106653985807164, 7.216847330313385) 70.0 70.0 autonomous 98.21800975042419 -34.49599512478791 
2021-06-09 16:09:50.767485 [47.106657, 7.216816667] 167.81 0.0 (47.106653985807164, 7.216847330313385) 70.0 70.0 autonomous 98.21800975042419 -34.49599512478791 
2021-06-09 16:09:50.869026 [47.106657, 7.216816667] 167.81 0.0 (47.106653985807164, 7.216847330313385) 70.0 70.0 autonomous 98.21800975042419 -34.49599512478791 
2021-06-09 16:09:50.970940 [47.106657, 7.216816667] 168.81 0.0 (47.106653985807164, 7.216847330313385) 70.0 70.0 autonomous 98.21800975042419 -34.89599512478791 
2021-06-09 16:09:51.073225 [47.106657, 7.216816667] 168.81 0.0 (47.106653985807164, 7.216847330313385) 70.0 70.0 autonomous 98.21800975042419 -34.99599512478791 
2021-06-09 16:09:51.177160 [47.106657, 7.216816667] 168.81 0.0 (47.106653985807164, 7.216847330313385) 70.0 70.0 autonomous 98.21800975042419 -34.99599512478791 
2021-06-09 16:09:51.279785 [47.106657, 7.216816667] 169.88 0.0 (47.106653985807164, 7.216847330313385) 70.0 70.0 autonomous 98.21800975042419 -35.42399512478791 
2021-06-09 16:09:51.382369 [47.106652833, 7.2168165] 169.88 1.9987689023821 (47.106653985807164, 7.216847330313385) 70.0 70.0 autonomous 86.8554985854023 -40.07599959079666 
2021-06-09 16:09:51.484578 [47.106652833, 7.2168165] 170.89 1.9987689023821 (47.106653985807164, 7.216847330313385) 70.0 70.0 autonomous 86.8554985854023 -41.616250707298846 
2021-06-09 16:09:51.586491 [47.106652833, 7.2168165] 170.89 1.9987689023821 (47.106653985807164, 7.216847330313385) 70.0 70.0 autonomous 86.8554985854023 -41.717250707298845 
2021-06-09 16:09:51.688194 [47.106652833, 7.2168165] 172.04 1.9987689023821 (47.106653985807164, 7.216847330313385) 70.0 70.0 autonomous 86.8554985854023 -42.177250707298846 
2021-06-09 16:09:51.789897 [47.106652833, 7.2168165] 172.04 1.9987689023821 (47.106653985807164, 7.216847330313385) 70.0 70.0 autonomous 86.8554985854023 -42.29225070729885 
2021-06-09 16:09:51.891582 [47.106652833, 7.2168165] 173.06 1.9987689023821 (47.106653985807164, 7.216847330313385) 70.0 70.0 autonomous 86.8554985854023 -42.70025070729885 
2021-06-09 16:09:51.993227 [47.106652833, 7.2168165] 174.18 1.9987689023821 (47.106653985807164, 7.216847330313385) 70.0 70.0 autonomous 86.8554985854023 -43.250250707298854 
2021-06-09 16:09:52.094907 [47.106652833, 7.2168165] 174.18 1.9987689023821 (47.106653985807164, 7.216847330313385) 70.0 70.0 autonomous 86.8554985854023 -43.362250707298855 
2021-06-09 16:09:52.196640 [47.106652833, 7.2168165] 175.23 0.0 (47.106653985807164, 7.216847330313385) 70.0 70.0 autonomous 86.8554985854023 -43.78225070729885 
2021-06-09 16:09:52.298376 [47.106652833, 7.2168165] 175.23 0.0 (47.106653985807164, 7.216847330313385) 70.0 70.0 autonomous 86.8554985854023 -43.88725070729885 
2021-06-09 16:09:52.400468 [47.106652833, 7.2168165] 175.23 0.0 (47.106653985807164, 7.216847330313385) 70.0 70.0 autonomous 86.8554985854023 -43.88725070729885 
2021-06-09 16:09:52.502312 [47.106652833, 7.2168165] 175.23 0.0 (47.106653985807164, 7.216847330313385) 70.0 70.0 autonomous 86.8554985854023 -43.88725070729885 
2021-06-09 16:09:52.603981 [47.106652833, 7.2168165] 175.23 0.0 (47.106653985807164, 7.216847330313385) 70.0 70.0 autonomous 86.8554985854023 -43.88725070729885 
2021-06-09 16:09:52.705670 [47.106652833, 7.2168165] 175.23 0.0 (47.106653985807164, 7.216847330313385) 70.0 70.0 autonomous 86.8554985854023 -43.88725070729885 
2021-06-09 16:09:52.807381 [47.106652833, 7.2168165] 175.23 0.0 (47.106653985807164, 7.216847330313385) 70.0 70.0 autonomous 86.8554985854023 -43.88725070729885 
2021-06-09 16:09:52.909002 [47.106652833, 7.2168165] 175.23 0.0 (47.106653985807164, 7.216847330313385) 70.0 70.0 autonomous 86.8554985854023 -43.88725070729885 
2021-06-09 16:09:53.010843 [47.106652833, 7.2168165] 175.23 0.0 (47.106653985807164, 7.216847330313385) 70.0 70.0 autonomous 86.8554985854023 -43.88725070729885 
2021-06-09 16:09:53.112541 [47.106652833, 7.2168165] 175.23 0.0 (47.106653985807164, 7.216847330313385) 70.0 70.0 autonomous 86.8554985854023 -43.88725070729885 
2021-06-09 16:09:53.214727 [47.106652833, 7.2168165] 174.12 0.0 (47.106653985807164, 7.216847330313385) 70.0 70.0 autonomous 86.8554985854023 -43.44325070729885 
2021-06-09 16:09:53.317405 [47.106652833, 7.2168165] 173.07 0.0 (47.106653985807164, 7.216847330313385) 70.0 70.0 autonomous 86.8554985854023 -42.91225070729885 
2021-06-09 16:09:53.419227 [47.106652833, 7.2168165] 171.96 0.0 (47.106653985807164, 7.216847330313385) 70.0 70.0 autonomous 86.8554985854023 -42.36325070729885 
2021-06-09 16:09:53.521000 [47.106625667, 7.216813167] 171.96 11.377855854087603 (47.106653985807164, 7.216847330313385) 70.0 70.0 autonomous 39.38965608296786 -61.23858770827263 
2021-06-09 16:09:53.623036 [47.106625667, 7.216813167] 170.95 11.377855854087603 (47.106634816925435, 7.21682989595479) 0 0 throttle 
2021-06-09 16:09:53.623787 [47.106625667, 7.216813167] 170.95 11.377855854087603 (47.106634816925435, 7.21682989595479) 70.0 70.0 throttle 
2021-06-09 16:09:53.624385 [47.106625667, 7.216813167] 170.95 11.377855854087603 (47.106634816925435, 7.21682989595479) 70.0 70.0 End autonomous drive 
2021-06-09 16:09:54.042017 [47.106625667, 7.216813167] 163.48 11.377855854087603 (47.106634816925435, 7.21682989595479) 0 0 throttle 
