2021-06-09 15:54:49.384613 [47.1066485, 7.216866333] 213.33 0.0 None 0 0 throttle 
2021-06-09 15:55:12.808128 [47.106686667, 7.216857333] 21.3 0.664699213444047 None 0 0 Started autonomous drive 
2021-06-09 15:55:12.810980 [47.106686667, 7.216857333] 21.3 0.664699213444047 (47.106653985807164, 7.216847330313385) 47.5 -95.0 turn_to_on_spot 191.76762484269267 170.46762484269266 2 
2021-06-09 15:55:12.912592 [47.106686667, 7.216857333] 21.3 0.664699213444047 (47.106653985807164, 7.216847330313385) 47.5 -95.0 turn_to_on_spot 191.76762484269267 170.46762484269266 2 
2021-06-09 15:55:13.014190 [47.106686667, 7.216857333] 22.31 0.664699213444047 (47.106653985807164, 7.216847330313385) 47.0 -94.0 turn_to_on_spot 191.76762484269267 169.45762484269267 2 
2021-06-09 15:55:13.116523 [47.106686667, 7.216857333] 23.37 0.664699213444047 (47.106653985807164, 7.216847330313385) 47.0 -94.0 turn_to_on_spot 191.76762484269267 168.39762484269272 2 
2021-06-09 15:55:13.219889 [47.106686667, 7.216857333] 25.94 0.0 (47.106653985807164, 7.216847330313385) 46.0 -92.0 turn_to_on_spot 191.76762484269267 165.82762484269267 2 
2021-06-09 15:55:13.322451 [47.106686667, 7.216857333] 27.22 0.0 (47.106653985807164, 7.216847330313385) 45.5 -91.0 turn_to_on_spot 191.76762484269267 164.5476248426927 2 
2021-06-09 15:55:13.424319 [47.1066875, 7.2168575] 29.57 0.4086869424856113 (47.106653985807164, 7.216847330313385) 45.0 -90.0 turn_to_on_spot 191.76762484269267 162.19762484269268 2 
2021-06-09 15:55:13.525829 [47.1066875, 7.2168575] 33.62 0.4086869424856113 (47.106653985807164, 7.216847330313385) 44.0 -88.0 turn_to_on_spot 191.76762484269267 158.14762484269272 2 
2021-06-09 15:55:13.627330 [47.1066875, 7.2168575] 35.22 0.4086869424856113 (47.106653985807164, 7.216847330313385) 43.5 -87.0 turn_to_on_spot 191.76762484269267 156.5476248426927 2 
2021-06-09 15:55:13.728944 [47.1066875, 7.2168575] 40.67 0.4086869424856113 (47.106653985807164, 7.216847330313385) 42.0 -84.0 turn_to_on_spot 191.76762484269267 151.09762484269265 2 
2021-06-09 15:55:13.830450 [47.1066875, 7.2168575] 45.66 0.4086869424856113 (47.106653985807164, 7.216847330313385) 40.5 -81.0 turn_to_on_spot 191.76762484269267 146.10762484269264 2 
2021-06-09 15:55:13.932085 [47.1066875, 7.2168575] 51.07 0.4086869424856113 (47.106653985807164, 7.216847330313385) 39.0 -78.0 turn_to_on_spot 191.76762484269267 140.69762484269268 2 
2021-06-09 15:55:14.033580 [47.1066875, 7.2168575] 57.83 0.4086869424856113 (47.106653985807164, 7.216847330313385) 37.0 -74.0 turn_to_on_spot 191.76762484269267 133.93762484269268 2 
2021-06-09 15:55:14.135683 [47.1066875, 7.2168575] 59.79 0.4086869424856113 (47.106653985807164, 7.216847330313385) 36.5 -73.0 turn_to_on_spot 191.76762484269267 131.97762484269265 2 
2021-06-09 15:55:14.237799 [47.1066875, 7.2168575] 61.74 0.4086869424856113 (47.106653985807164, 7.216847330313385) 36.0 -72.0 turn_to_on_spot 191.76762484269267 130.0276248426926 2 
2021-06-09 15:55:14.339874 [47.1066875, 7.2168575] 61.74 0.4086869424856113 (47.106653985807164, 7.216847330313385) 36.0 -72.0 turn_to_on_spot 191.76762484269267 130.0276248426926 2 
2021-06-09 15:55:14.441703 [47.1066875, 7.2168575] 68.26 0.0 (47.106653985807164, 7.216847330313385) 34.5 -69.0 turn_to_on_spot 191.76762484269267 123.50762484269262 2 
2021-06-09 15:55:14.543201 [47.1066875, 7.2168575] 76.29 0.0 (47.106653985807164, 7.216847330313385) 32.0 -64.0 turn_to_on_spot 191.76762484269267 115.47762484269265 2 
2021-06-09 15:55:14.644687 [47.1066875, 7.2168575] 76.29 0.0 (47.106653985807164, 7.216847330313385) 32.0 -64.0 turn_to_on_spot 191.76762484269267 115.47762484269265 2 
2021-06-09 15:55:14.746304 [47.1066875, 7.2168575] 84.65 0.0 (47.106653985807164, 7.216847330313385) 30.0 -60.0 turn_to_on_spot 191.76762484269267 107.11762484269263 2 
2021-06-09 15:55:14.848985 [47.106691, 7.216860167] 91.31 0.8929547402210571 (47.106653985807164, 7.216847330313385) 28.0 -56.0 turn_to_on_spot 191.76762484269267 101.59762484269265 2 
2021-06-09 15:55:14.950551 [47.106691, 7.216860167] 91.31 0.8929547402210571 (47.106653985807164, 7.216847330313385) 28.0 -56.0 turn_to_on_spot 191.76762484269267 100.45762484269267 2 
2021-06-09 15:55:15.052193 [47.106691, 7.216860167] 98.17 0.8929547402210571 (47.106653985807164, 7.216847330313385) 26.0 -52.0 turn_to_on_spot 191.76762484269267 93.59762484269265 2 
2021-06-09 15:55:15.154453 [47.106691, 7.216860167] 98.17 0.8929547402210571 (47.106653985807164, 7.216847330313385) 26.0 -52.0 turn_to_on_spot 191.76762484269267 93.59762484269265 2 
2021-06-09 15:55:15.256654 [47.106691, 7.216860167] 107.05 0.8929547402210571 (47.106653985807164, 7.216847330313385) 23.5 -47.0 turn_to_on_spot 191.76762484269267 84.71762484269266 2 
2021-06-09 15:55:15.358977 [47.106691, 7.216860167] 114.92 0.8929547402210571 (47.106653985807164, 7.216847330313385) 21.5 -43.0 turn_to_on_spot 191.76762484269267 76.84762484269265 2 
2021-06-09 15:55:15.460569 [47.106691, 7.216860167] 114.92 0.8929547402210571 (47.106653985807164, 7.216847330313385) 21.5 -43.0 turn_to_on_spot 191.76762484269267 76.84762484269265 2 
2021-06-09 15:55:15.562058 [47.106691, 7.216860167] 120.33 0.0 (47.106653985807164, 7.216847330313385) 20.0 -40.0 turn_to_on_spot 191.76762484269267 71.43762484269268 2 
2021-06-09 15:55:15.663595 [47.106691, 7.216860167] 131.21 0.0 (47.106653985807164, 7.216847330313385) 17.0 -34.0 turn_to_on_spot 191.76762484269267 60.55762484269269 2 
2021-06-09 15:55:15.765207 [47.106691, 7.216860167] 147.42 0.0 (47.106653985807164, 7.216847330313385) 12.5 -25.0 turn_to_on_spot 191.76762484269267 44.34762484269265 2 
2021-06-09 15:55:15.866707 [47.106691, 7.216860167] 152.74 0.0 (47.106653985807164, 7.216847330313385) 11.0 -22.0 turn_to_on_spot 191.76762484269267 39.0276248426926 2 
2021-06-09 15:55:15.968191 [47.106691, 7.216860167] 157.51 0.0 (47.106653985807164, 7.216847330313385) 9.5 -19.0 turn_to_on_spot 191.76762484269267 34.25762484269262 2 
2021-06-09 15:55:16.069690 [47.106691, 7.216860167] 160.94 0.0 (47.106653985807164, 7.216847330313385) 8.5 -17.0 turn_to_on_spot 191.76762484269267 30.82762484269267 2 
2021-06-09 15:55:16.171757 [47.106691, 7.216860167] 165.76 0.0 (47.106653985807164, 7.216847330313385) 7.0 -14.0 turn_to_on_spot 191.76762484269267 26.00762484269262 2 
2021-06-09 15:55:16.273908 [47.106690833, 7.216863] 167.66 2.7360660882166035 (47.106653985807164, 7.216847330313385) 6.5 -13.0 turn_to_on_spot 191.76762484269267 24.107624842692644 2 
2021-06-09 15:55:16.376289 [47.106690833, 7.216863] 172.26 2.7360660882166035 (47.106653985807164, 7.216847330313385) 5.5 -11.0 turn_to_on_spot 191.76762484269267 19.50762484269262 2 
2021-06-09 15:55:16.478178 [47.106690833, 7.216863] 176.88 2.7360660882166035 (47.106653985807164, 7.216847330313385) 4.0 -8.0 turn_to_on_spot 191.76762484269267 14.88762484269273 2 
2021-06-09 15:55:16.579670 [47.106690833, 7.216863] 181.46 2.7360660882166035 (47.106653985807164, 7.216847330313385) 3.0 -6.0 turn_to_on_spot 191.76762484269267 10.30762484269269 2 
2021-06-09 15:55:16.681236 [47.106690833, 7.216863] 185.67 2.7360660882166035 (47.106653985807164, 7.216847330313385) 1.5 -3.0 turn_to_on_spot 191.76762484269267 6.097624842692653 2 
2021-06-09 15:55:16.783072 [47.106690833, 7.216863] 189.04 2.7360660882166035 (47.106653985807164, 7.216847330313385) 1.0 -2.0 turn_to_on_spot 191.76762484269267 2.7276248426926486 1.9 
2021-06-09 15:55:16.885994 [47.106690833, 7.216863] 191.7 2.7360660882166035 (47.106653985807164, 7.216847330313385) 0.5 -1.0 turn_to_on_spot 191.76762484269267 1.6476248426927214 1.8 
2021-06-09 15:55:16.987563 [47.106690833, 7.216863] 194.33 2.7360660882166035 (47.106653985807164, 7.216847330313385) -1.0 0.5 turn_to_on_spot 191.76762484269267 -2.562375157307315 1.7 
2021-06-09 15:55:17.089078 [47.106690833, 7.216863] 196.71 2.7360660882166035 (47.106653985807164, 7.216847330313385) -3.0 1.5 turn_to_on_spot 191.76762484269267 -4.9423751573073105 1.6 
2021-06-09 15:55:17.191043 [47.106689667, 7.216864167] 200.24 5.793129908009056 (47.106653985807164, 7.216847330313385) -5.0 2.5 turn_to_on_spot 191.76762484269267 -8.472375157307397 2 
2021-06-09 15:55:17.293085 [47.106689667, 7.216864167] 202.34 5.793129908009056 (47.106653985807164, 7.216847330313385) -6.0 3.0 turn_to_on_spot 191.76762484269267 -10.572375157307306 2 
2021-06-09 15:55:17.394940 [47.106689667, 7.216864167] 205.04 5.793129908009056 (47.106653985807164, 7.216847330313385) -7.0 3.5 turn_to_on_spot 191.76762484269267 -13.272375157307351 2 
2021-06-09 15:55:17.496444 [47.106689667, 7.216864167] 207.48 5.793129908009056 (47.106653985807164, 7.216847330313385) -9.0 4.5 turn_to_on_spot 191.76762484269267 -15.712375157307292 2 
2021-06-09 15:55:17.597886 [47.106689667, 7.216864167] 207.48 5.793129908009056 (47.106653985807164, 7.216847330313385) -9.0 4.5 turn_to_on_spot 191.76762484269267 -15.712375157307292 2 
2021-06-09 15:55:17.699445 [47.106689667, 7.216864167] 209.85 5.793129908009056 (47.106653985807164, 7.216847330313385) -10.0 5.0 turn_to_on_spot 191.76762484269267 -18.082375157307297 2 
2021-06-09 15:55:17.800984 [47.106689667, 7.216864167] 212.4 5.793129908009056 (47.106653985807164, 7.216847330313385) -11.0 5.5 turn_to_on_spot 191.76762484269267 -20.632375157307365 2 
2021-06-09 15:55:17.902571 [47.106689667, 7.216864167] 215.14 5.793129908009056 (47.106653985807164, 7.216847330313385) -13.0 6.5 turn_to_on_spot 191.76762484269267 -23.37237515730726 2 
2021-06-09 15:55:18.004009 [47.106689667, 7.216864167] 216.32 5.793129908009056 (47.106653985807164, 7.216847330313385) -14.0 7.0 turn_to_on_spot 191.76762484269267 -24.552375157307324 2 
2021-06-09 15:55:18.105575 [47.106689667, 7.216864167] 217.45 5.793129908009056 (47.106653985807164, 7.216847330313385) -14.0 7.0 turn_to_on_spot 191.76762484269267 -25.68237515730732 2 
2021-06-09 15:55:18.207480 [47.106689667, 7.216864167] 218.65 0.0 (47.106653985807164, 7.216847330313385) -15.0 7.5 turn_to_on_spot 191.76762484269267 -26.882375157307365 2 
2021-06-09 15:55:18.309435 [47.106689667, 7.216864167] 219.71 0.0 (47.106653985807164, 7.216847330313385) -16.0 8.0 turn_to_on_spot 191.76762484269267 -27.94237515730731 2 
2021-06-09 15:55:18.410979 [47.106689667, 7.216864167] 220.72 0.0 (47.106653985807164, 7.216847330313385) -16.0 8.0 turn_to_on_spot 191.76762484269267 -28.9523751573073 2 
2021-06-09 15:55:18.512566 [47.106689667, 7.216864167] 220.72 0.0 (47.106653985807164, 7.216847330313385) -16.0 8.0 turn_to_on_spot 191.76762484269267 -28.9523751573073 2 
2021-06-09 15:55:18.614191 [47.106689667, 7.216864167] 221.9 0.0 (47.106653985807164, 7.216847330313385) -17.0 8.5 turn_to_on_spot 191.76762484269267 -30.132375157307365 2 
2021-06-09 15:55:18.715636 [47.106689667, 7.216864167] 223.01 0.0 (47.106653985807164, 7.216847330313385) -17.0 8.5 turn_to_on_spot 191.76762484269267 -31.242375157307322 2 
2021-06-09 15:55:18.817189 [47.106689667, 7.216864167] 223.01 0.0 (47.106653985807164, 7.216847330313385) -17.0 8.5 turn_to_on_spot 191.76762484269267 -31.242375157307322 2 
2021-06-09 15:55:18.918677 [47.106689667, 7.216864167] 223.01 0.0 (47.106653985807164, 7.216847330313385) -17.0 8.5 turn_to_on_spot 191.76762484269267 -31.242375157307322 2 
2021-06-09 15:55:19.020192 [47.106689667, 7.216864167] 223.01 0.0 (47.106653985807164, 7.216847330313385) -17.0 8.5 turn_to_on_spot 191.76762484269267 -31.242375157307322 2 
2021-06-09 15:55:19.122336 [47.1066865, 7.216864333] 223.01 0.354324390313154 (47.106653985807164, 7.216847330313385) -17.0 8.5 turn_to_on_spot 191.76762484269267 -31.242375157307322 2 
2021-06-09 15:55:19.224571 [47.1066865, 7.216864333] 223.01 0.0 (47.106653985807164, 7.216847330313385) -17.0 8.5 turn_to_on_spot 191.76762484269267 -31.242375157307322 2 
2021-06-09 15:55:19.326539 [47.1066865, 7.216864333] 223.01 0.0 (47.106653985807164, 7.216847330313385) -17.0 8.5 turn_to_on_spot 191.76762484269267 -31.242375157307322 2 
2021-06-09 15:55:19.428438 [47.1066865, 7.216864333] 223.01 0.0 (47.106653985807164, 7.216847330313385) -17.0 8.5 turn_to_on_spot 191.76762484269267 -31.242375157307322 2 
2021-06-09 15:55:19.529944 [47.1066865, 7.216864333] 223.01 0.0 (47.106653985807164, 7.216847330313385) -17.0 8.5 turn_to_on_spot 191.76762484269267 -31.242375157307322 2 
2021-06-09 15:55:19.631582 [47.1066865, 7.216864333] 221.89 0.0 (47.106653985807164, 7.216847330313385) -17.0 8.5 turn_to_on_spot 191.76762484269267 -30.122375157307317 2 
2021-06-09 15:55:19.733197 [47.1066865, 7.216864333] 221.89 0.0 (47.106653985807164, 7.216847330313385) -17.0 8.5 turn_to_on_spot 191.76762484269267 -30.122375157307317 2 
2021-06-09 15:55:19.834822 [47.106686333, 7.2168645] 220.74 0.03562517718501699 (47.106653985807164, 7.216847330313385) -16.0 8.0 turn_to_on_spot 191.76762484269267 -28.97237515730734 2 
2021-06-09 15:55:19.936265 [47.106686333, 7.2168645] 219.71 0.03562517718501699 (47.106653985807164, 7.216847330313385) -16.0 8.0 turn_to_on_spot 191.76762484269267 -27.94237515730731 2 
2021-06-09 15:55:20.037812 [47.106686333, 7.2168645] 219.71 0.03562517718501699 (47.106653985807164, 7.216847330313385) -16.0 8.0 turn_to_on_spot 191.76762484269267 -27.94237515730731 2 
2021-06-09 15:55:20.139682 [47.106686333, 7.2168645] 218.66 0.03562517718501699 (47.106653985807164, 7.216847330313385) -15.0 7.5 turn_to_on_spot 191.76762484269267 -26.892375157307356 2 
2021-06-09 15:55:20.241743 [47.106686333, 7.2168645] 218.66 0.0 (47.106653985807164, 7.216847330313385) -15.0 7.5 turn_to_on_spot 191.76762484269267 -26.892375157307356 2 
2021-06-09 15:55:20.343806 [47.106686333, 7.2168645] 217.53 0.0 (47.106653985807164, 7.216847330313385) -14.0 7.0 turn_to_on_spot 191.76762484269267 -25.76237515730736 2 
2021-06-09 15:55:20.445441 [47.106686333, 7.2168645] 216.53 0.0 (47.106653985807164, 7.216847330313385) -14.0 7.0 turn_to_on_spot 191.76762484269267 -24.76237515730736 2 
2021-06-09 15:55:20.546910 [47.106686333, 7.2168645] 216.53 0.0 (47.106653985807164, 7.216847330313385) -14.0 7.0 turn_to_on_spot 191.76762484269267 -24.76237515730736 2 
2021-06-09 15:55:20.648760 [47.106686333, 7.2168645] 215.42 0.0 (47.106653985807164, 7.216847330313385) -13.0 6.5 turn_to_on_spot 191.76762484269267 -23.652375157307347 2 
2021-06-09 15:55:20.750317 [47.106686333, 7.2168645] 214.27 0.0 (47.106653985807164, 7.216847330313385) -13.0 6.5 turn_to_on_spot 191.76762484269267 -22.50237515730737 2 
2021-06-09 15:55:20.851824 [47.106686333, 7.2168645] 213.11 0.0 (47.106653985807164, 7.216847330313385) -12.0 6.0 turn_to_on_spot 191.76762484269267 -21.342375157307288 2 
2021-06-09 15:55:20.953451 [47.106686333, 7.2168645] 212.09 0.0 (47.106653985807164, 7.216847330313385) -11.0 5.5 turn_to_on_spot 191.76762484269267 -20.322375157307306 2 
2021-06-09 15:55:21.055080 [47.106686333, 7.2168645] 211.07 0.0 (47.106653985807164, 7.216847330313385) -11.0 5.5 turn_to_on_spot 191.76762484269267 -19.302375157307324 2 
2021-06-09 15:55:21.156992 [47.106686333, 7.2168645] 209.89 0.0 (47.106653985807164, 7.216847330313385) -10.0 5.0 turn_to_on_spot 191.76762484269267 -18.12237515730726 2 
2021-06-09 15:55:21.259004 [47.106686333, 7.2168645] 207.7 0.0 (47.106653985807164, 7.216847330313385) -9.0 4.5 turn_to_on_spot 191.76762484269267 -15.93237515730732 2 
2021-06-09 15:55:21.361335 [47.106686333, 7.2168645] 206.53 0.0 (47.106653985807164, 7.216847330313385) -8.0 4.0 turn_to_on_spot 191.76762484269267 -14.76237515730736 2 
2021-06-09 15:55:21.462931 [47.106684167, 7.216864] 205.45 0.9360117014682194 (47.106653985807164, 7.216847330313385) -8.0 4.0 turn_to_on_spot 191.76762484269267 -13.68237515730732 2 
2021-06-09 15:55:21.564438 [47.106684167, 7.216864] 204.35 0.9360117014682194 (47.106653985807164, 7.216847330313385) -7.0 3.5 turn_to_on_spot 191.76762484269267 -12.582375157307297 2 
2021-06-09 15:55:21.666044 [47.106684167, 7.216864] 203.35 0.9360117014682194 (47.106653985807164, 7.216847330313385) -6.0 3.0 turn_to_on_spot 191.76762484269267 -11.582375157307297 2 
2021-06-09 15:55:21.767627 [47.106684167, 7.216864] 202.31 0.9360117014682194 (47.106653985807164, 7.216847330313385) -6.0 3.0 turn_to_on_spot 191.76762484269267 -10.542375157307333 2 
2021-06-09 15:55:21.869171 [47.106684167, 7.216864] 201.29 0.9360117014682194 (47.106653985807164, 7.216847330313385) -5.0 2.5 turn_to_on_spot 191.76762484269267 -9.522375157307351 2 
2021-06-09 15:55:21.970691 [47.106684167, 7.216864] 200.03 0.9360117014682194 (47.106653985807164, 7.216847330313385) -5.0 2.5 turn_to_on_spot 191.76762484269267 -8.26237515730736 2 
2021-06-09 15:55:22.072341 [47.106684167, 7.216864] 198.91 0.9360117014682194 (47.106653985807164, 7.216847330313385) -4.0 2.0 turn_to_on_spot 191.76762484269267 -7.142375157307356 2 
2021-06-09 15:55:22.174376 [47.106684167, 7.216864] 197.73 0.0 (47.106653985807164, 7.216847330313385) -3.0 1.5 turn_to_on_spot 191.76762484269267 -5.962375157307292 2 
2021-06-09 15:55:22.276414 [47.106683833, 7.216864] 196.52 0.7973908687621165 (47.106653985807164, 7.216847330313385) -3.0 1.5 turn_to_on_spot 191.76762484269267 -4.75237515730737 1.9 
2021-06-09 15:55:22.378788 [47.106683833, 7.216864] 194.24 0.7973908687621165 (47.106653985807164, 7.216847330313385) -1.0 0.5 turn_to_on_spot 191.76762484269267 -2.472375157307397 1.8 
2021-06-09 15:55:22.480301 [47.106683833, 7.216864] 193.13 0.7973908687621165 (47.106653985807164, 7.216847330313385) -1.0 0.5 turn_to_on_spot 191.76762484269267 -1.3623751573072695 1.7 
2021-06-09 15:55:22.581957 [47.106683833, 7.216864] 191.98 0.7973908687621165 (47.106653985807164, 7.216847330313385) -0.0 0.0 turn_to_on_spot 191.76762484269267 -0.21237515730729228 1.6 
2021-06-09 15:55:22.683482 [47.106683833, 7.216864] 190.8 0.7973908687621165 (47.106653985807164, 7.216847330313385) 0.5 -1.0 turn_to_on_spot 191.76762484269267 0.9676248426926577 1.5 
2021-06-09 15:55:22.785028 [47.106683833, 7.216864] 189.63 0.7973908687621165 (47.106653985807164, 7.216847330313385) 0.5 -1.0 turn_to_on_spot 191.76762484269267 2.1376248426927305 1.4 
2021-06-09 15:55:22.886661 [47.106683833, 7.216864] 189.63 0.7973908687621165 (47.106653985807164, 7.216847330313385) 0.5 -1.0 turn_to_on_spot 191.76762484269267 2.1376248426927305 1.3 
2021-06-09 15:55:22.988133 [47.106683833, 7.216864] 188.6 0.7973908687621165 (47.106653985807164, 7.216847330313385) 1.0 -2.0 turn_to_on_spot 191.76762484269267 3.167624842692703 1.2000000000000002 
2021-06-09 15:55:23.089719 [47.106683833, 7.216864] 187.47 0.7973908687621165 (47.106653985807164, 7.216847330313385) 1.0 -2.0 turn_to_on_spot 191.76762484269267 4.297624842692699 1.1 
2021-06-09 15:55:23.191763 [47.106683833, 7.216864] 186.43 0.0 (47.106653985807164, 7.216847330313385) 1.5 -3.0 turn_to_on_spot 191.76762484269267 5.337624842692662 2 
2021-06-09 15:55:23.293893 [47.106683167, 7.216864167] 186.43 0.5374311544100194 (47.106653985807164, 7.216847330313385) 1.5 -3.0 turn_to_on_spot 191.76762484269267 5.337624842692662 2 
2021-06-09 15:55:23.395849 [47.106683167, 7.216864167] 185.33 0.5374311544100194 (47.106653985807164, 7.216847330313385) 2.0 -4.0 turn_to_on_spot 191.76762484269267 6.437624842692685 2 
2021-06-09 15:55:23.498646 [47.106683167, 7.216864167] 184.3 0.5374311544100194 (47.106653985807164, 7.216847330313385) 2.0 -4.0 turn_to_on_spot 191.76762484269267 6.437624842692685 2 
2021-06-09 15:55:23.600374 [47.106683167, 7.216864167] 184.3 0.5374311544100194 (47.106653985807164, 7.216847330313385) 2.0 -4.0 turn_to_on_spot 191.76762484269267 7.467624842692658 2 
2021-06-09 15:55:23.701969 [47.106683167, 7.216864167] 183.28 0.5374311544100194 (47.106653985807164, 7.216847330313385) 2.5 -5.0 turn_to_on_spot 191.76762484269267 8.48762484269264 2 
2021-06-09 15:55:23.803512 [47.106683167, 7.216864167] 182.18 0.5374311544100194 (47.106653985807164, 7.216847330313385) 2.5 -5.0 turn_to_on_spot 191.76762484269267 9.587624842692662 2 
2021-06-09 15:55:23.905008 [47.106683167, 7.216864167] 181.17 0.5374311544100194 (47.106653985807164, 7.216847330313385) 3.0 -6.0 turn_to_on_spot 191.76762484269267 10.597624842692653 2 
2021-06-09 15:55:24.006533 [47.106683167, 7.216864167] 181.17 0.5374311544100194 (47.106653985807164, 7.216847330313385) 3.0 -6.0 turn_to_on_spot 191.76762484269267 10.597624842692653 2 
2021-06-09 15:55:24.108061 [47.106683167, 7.216864167] 181.17 0.5374311544100194 (47.106653985807164, 7.216847330313385) 3.0 -6.0 turn_to_on_spot 191.76762484269267 10.597624842692653 2 
2021-06-09 15:55:24.209640 [47.106683167, 7.216864167] 180.08 0.0 (47.106653985807164, 7.216847330313385) 3.0 -6.0 turn_to_on_spot 191.76762484269267 11.687624842692685 2 
2021-06-09 15:55:24.311341 [47.106683167, 7.216864167] 179.06 0.0 (47.106653985807164, 7.216847330313385) 3.5 -7.0 turn_to_on_spot 191.76762484269267 12.707624842692667 2 
2021-06-09 15:55:24.412866 [47.106683167, 7.216864167] 179.06 0.0 (47.106653985807164, 7.216847330313385) 3.5 -7.0 turn_to_on_spot 191.76762484269267 12.707624842692667 2 
2021-06-09 15:55:24.514515 [47.106683167, 7.216864167] 178.02 0.0 (47.106653985807164, 7.216847330313385) 4.0 -8.0 turn_to_on_spot 191.76762484269267 13.74762484269263 2 
2021-06-09 15:55:24.616146 [47.106683167, 7.216864167] 178.02 0.0 (47.106653985807164, 7.216847330313385) 4.0 -8.0 turn_to_on_spot 191.76762484269267 13.74762484269263 2 
2021-06-09 15:55:24.717665 [47.106683167, 7.216864167] 178.02 0.0 (47.106653985807164, 7.216847330313385) 4.0 -8.0 turn_to_on_spot 191.76762484269267 13.74762484269263 2 
2021-06-09 15:55:24.819181 [47.106683167, 7.216864167] 178.02 0.0 (47.106653985807164, 7.216847330313385) 4.0 -8.0 turn_to_on_spot 191.76762484269267 13.74762484269263 2 
2021-06-09 15:55:24.920703 [47.106683167, 7.216864167] 176.98 0.0 (47.106653985807164, 7.216847330313385) 4.0 -8.0 turn_to_on_spot 191.76762484269267 14.787624842692708 2 
2021-06-09 15:55:25.022352 [47.106681333, 7.216864833] 176.98 0.25383942617697536 (47.106653985807164, 7.216847330313385) 4.0 -8.0 turn_to_on_spot 191.76762484269267 14.787624842692708 2 
2021-06-09 15:55:25.124265 [47.106681333, 7.216864833] 176.98 0.0 (47.106653985807164, 7.216847330313385) 4.0 -8.0 turn_to_on_spot 191.76762484269267 14.787624842692708 2 
2021-06-09 15:55:25.225833 [47.106681333, 7.216864833] 176.98 0.0 (47.106653985807164, 7.216847330313385) 4.0 -8.0 turn_to_on_spot 191.76762484269267 14.787624842692708 2 
2021-06-09 15:55:25.327417 [47.106681333, 7.216864833] 175.95 0.0 (47.106653985807164, 7.216847330313385) 4.5 -9.0 turn_to_on_spot 191.76762484269267 15.81762484269268 2 
2021-06-09 15:55:25.428938 [47.106681333, 7.216864833] 175.95 0.0 (47.106653985807164, 7.216847330313385) 4.5 -9.0 turn_to_on_spot 191.76762484269267 15.81762484269268 2 
2021-06-09 15:55:25.530461 [47.106681333, 7.216864833] 175.95 0.0 (47.106653985807164, 7.216847330313385) 4.5 -9.0 turn_to_on_spot 191.76762484269267 15.81762484269268 2 
2021-06-09 15:55:25.632113 [47.106681333, 7.216864833] 175.95 0.0 (47.106653985807164, 7.216847330313385) 4.5 -9.0 turn_to_on_spot 191.76762484269267 15.81762484269268 2 
2021-06-09 15:55:25.733748 [47.106681333, 7.216864833] 175.95 0.0 (47.106653985807164, 7.216847330313385) 4.5 -9.0 turn_to_on_spot 191.76762484269267 15.81762484269268 2 
2021-06-09 15:55:25.835258 [47.106681333, 7.216864833] 175.95 0.0 (47.106653985807164, 7.216847330313385) 4.5 -9.0 turn_to_on_spot 191.76762484269267 15.81762484269268 2 
2021-06-09 15:55:25.936787 [47.106681333, 7.216864833] 175.95 0.0 (47.106653985807164, 7.216847330313385) 4.5 -9.0 turn_to_on_spot 191.76762484269267 15.81762484269268 2 
2021-06-09 15:55:26.038434 [47.106681333, 7.216864833] 175.95 0.0 (47.106653985807164, 7.216847330313385) 4.5 -9.0 turn_to_on_spot 191.76762484269267 15.81762484269268 2 
2021-06-09 15:55:26.140030 [47.106680833, 7.216865] 175.95 0.0 (47.106653985807164, 7.216847330313385) 4.5 -9.0 turn_to_on_spot 191.76762484269267 15.81762484269268 2 
2021-06-09 15:55:26.241750 [47.106680833, 7.216865] 175.95 0.0 (47.106653985807164, 7.216847330313385) 4.5 -9.0 turn_to_on_spot 191.76762484269267 15.81762484269268 2 
2021-06-09 15:55:26.344883 [47.106680833, 7.216865] 175.95 0.0 (47.106653985807164, 7.216847330313385) 4.5 -9.0 turn_to_on_spot 191.76762484269267 15.81762484269268 2 
2021-06-09 15:55:26.446869 [47.106680833, 7.216865] 175.95 0.0 (47.106653985807164, 7.216847330313385) 4.5 -9.0 turn_to_on_spot 191.76762484269267 15.81762484269268 2 
2021-06-09 15:55:26.548415 [47.106680833, 7.216865] 177.11 0.0 (47.106653985807164, 7.216847330313385) 4.0 -8.0 turn_to_on_spot 191.76762484269267 14.657624842692712 2 
2021-06-09 15:55:26.650057 [47.106680833, 7.216865] 177.11 0.0 (47.106653985807164, 7.216847330313385) 4.0 -8.0 turn_to_on_spot 191.76762484269267 14.657624842692712 2 
2021-06-09 15:55:26.751715 [47.106680833, 7.216865] 177.11 0.0 (47.106653985807164, 7.216847330313385) 4.0 -8.0 turn_to_on_spot 191.76762484269267 14.657624842692712 2 
2021-06-09 15:55:26.853201 [47.106680833, 7.216865] 177.11 0.0 (47.106653985807164, 7.216847330313385) 4.0 -8.0 turn_to_on_spot 191.76762484269267 14.657624842692712 2 
2021-06-09 15:55:26.954719 [47.106680833, 7.216865] 178.15 0.0 (47.106653985807164, 7.216847330313385) 4.0 -8.0 turn_to_on_spot 191.76762484269267 13.617624842692635 2 
2021-06-09 15:55:27.056247 [47.106680833, 7.216865] 178.15 0.0 (47.106653985807164, 7.216847330313385) 4.0 -8.0 turn_to_on_spot 191.76762484269267 13.617624842692635 2 
2021-06-09 15:55:27.158235 [47.106680833, 7.216865] 179.25 0.0 (47.106653985807164, 7.216847330313385) 3.5 -7.0 turn_to_on_spot 191.76762484269267 12.517624842692612 2 
2021-06-09 15:55:27.260268 [47.106680833, 7.216865] 180.26 0.0 (47.106653985807164, 7.216847330313385) 3.0 -6.0 turn_to_on_spot 191.76762484269267 11.507624842692621 2 
2021-06-09 15:55:27.363062 [47.106680833, 7.216865] 181.4 0.0 (47.106653985807164, 7.216847330313385) 3.0 -6.0 turn_to_on_spot 191.76762484269267 10.367624842692635 2 
2021-06-09 15:55:27.464817 [47.106680833, 7.216865] 181.4 0.0 (47.106653985807164, 7.216847330313385) 3.0 -6.0 turn_to_on_spot 191.76762484269267 10.367624842692635 2 
2021-06-09 15:55:27.566320 [47.106680833, 7.216865] 182.53 0.0 (47.106653985807164, 7.216847330313385) 2.5 -5.0 turn_to_on_spot 191.76762484269267 9.23762484269264 2 
2021-06-09 15:55:27.667861 [47.106680833, 7.216865] 183.7 0.0 (47.106653985807164, 7.216847330313385) 2.0 -4.0 turn_to_on_spot 191.76762484269267 8.06762484269268 2 
2021-06-09 15:55:27.769310 [47.106680833, 7.216865] 184.84 0.0 (47.106653985807164, 7.216847330313385) 2.0 -4.0 turn_to_on_spot 191.76762484269267 6.927624842692694 2 
2021-06-09 15:55:27.870746 [47.106680833, 7.216865] 184.84 0.0 (47.106653985807164, 7.216847330313385) 2.0 -4.0 turn_to_on_spot 191.76762484269267 6.927624842692694 2 
2021-06-09 15:55:27.972284 [47.106680833, 7.216865] 185.86 0.0 (47.106653985807164, 7.216847330313385) 1.5 -3.0 turn_to_on_spot 191.76762484269267 5.907624842692712 2 
2021-06-09 15:55:28.073824 [47.106680833, 7.216865] 185.86 0.0 (47.106653985807164, 7.216847330313385) 1.5 -3.0 turn_to_on_spot 191.76762484269267 5.907624842692712 2 
2021-06-09 15:55:28.178130 [47.106680833, 7.216865] 186.93 0.0 (47.106653985807164, 7.216847330313385) 1.5 -3.0 turn_to_on_spot 191.76762484269267 4.837624842692662 1.9 
2021-06-09 15:55:28.280628 [47.106680833, 7.216865] 188.0 0.0 (47.106653985807164, 7.216847330313385) 1.0 -2.0 turn_to_on_spot 191.76762484269267 3.767624842692612 1.8 
2021-06-09 15:55:28.382599 [47.106680833, 7.216865] 189.02 0.0 (47.106653985807164, 7.216847330313385) 1.0 -2.0 turn_to_on_spot 191.76762484269267 2.7476248426926304 1.7 
2021-06-09 15:55:28.484239 [47.106679333, 7.216864667] 190.09 0.6564828452268695 (47.106653985807164, 7.216847330313385) 0.5 -1.0 turn_to_on_spot 191.76762484269267 1.677624842692694 1.6 
2021-06-09 15:55:28.585745 [47.106679333, 7.216864667] 191.26 0.6564828452268695 (47.106653985807164, 7.216847330313385) 0.0 -0.0 turn_to_on_spot 191.76762484269267 0.5076248426926213 1.5 
2021-06-09 15:55:28.687258 [47.106679333, 7.216864667] 192.27 0.6564828452268695 (47.106653985807164, 7.216847330313385) -0.0 0.0 turn_to_on_spot 191.76762484269267 -0.5023751573073696 1.4 
2021-06-09 15:55:28.788787 [47.106679333, 7.216864667] 192.27 0.6564828452268695 (47.106653985807164, 7.216847330313385) -0.0 0.0 turn_to_on_spot 191.76762484269267 -0.5023751573073696 1.3 
2021-06-09 15:55:28.890245 [47.106679333, 7.216864667] 193.29 0.6564828452268695 (47.106653985807164, 7.216847330313385) -1.0 0.5 turn_to_on_spot 191.76762484269267 -1.5223751573073514 1.2000000000000002 
2021-06-09 15:55:28.991817 [47.106679333, 7.216864667] 193.29 0.6564828452268695 (47.106653985807164, 7.216847330313385) -1.0 0.5 turn_to_on_spot 191.76762484269267 -1.5223751573073514 1.1 
2021-06-09 15:55:29.093466 [47.106679167, 7.2168645] 194.38 0.03411047331223433 (47.106653985807164, 7.216847330313385) -1.0 0.5 turn_to_on_spot 191.76762484269267 -2.6123751573072695 1.0 
2021-06-09 15:55:29.195498 [47.106679167, 7.2168645] 194.38 0.0 (47.106653985807164, 7.216847330313385) -1.0 0.5 turn_to_on_spot 191.76762484269267 -2.6123751573072695 0.9000000000000001 
2021-06-09 15:55:29.297732 [47.106679167, 7.2168645] 195.47 0.0 (47.106653985807164, 7.216847330313385) -2.0 1.0 turn_to_on_spot 191.76762484269267 -3.7023751573073014 0.8 
2021-06-09 15:55:29.400341 [47.106679167, 7.2168645] 196.53 0.0 (47.106653985807164, 7.216847330313385) -3.0 1.5 turn_to_on_spot 191.76762484269267 -4.7623751573073605 0.7 
2021-06-09 15:55:29.502271 [47.106679167, 7.2168645] 196.53 0.0 (47.106653985807164, 7.216847330313385) -3.0 1.5 turn_to_on_spot 191.76762484269267 -4.7623751573073605 0.5999999999999999 
2021-06-09 15:55:29.603778 [47.106679167, 7.2168645] 197.6 0.0 (47.106653985807164, 7.216847330313385) -3.0 1.5 turn_to_on_spot 191.76762484269267 -5.832375157307297 2 
2021-06-09 15:55:29.705415 [47.106679167, 7.2168645] 198.71 0.0 (47.106653985807164, 7.216847330313385) -4.0 2.0 turn_to_on_spot 191.76762484269267 -6.9423751573073105 2 
2021-06-09 15:55:29.817063 [47.106679167, 7.2168645] 198.71 0.0 (47.106653985807164, 7.216847330313385) -4.0 2.0 turn_to_on_spot 191.76762484269267 -6.9423751573073105 2 
2021-06-09 15:55:29.918576 [47.106679167, 7.2168645] 199.76 0.0 (47.106653985807164, 7.216847330313385) -4.0 2.0 turn_to_on_spot 191.76762484269267 -7.992375157307379 2 
2021-06-09 15:55:30.020090 [47.106679167, 7.2168645] 199.76 0.0 (47.106653985807164, 7.216847330313385) -4.0 2.0 turn_to_on_spot 191.76762484269267 -7.992375157307379 2 
2021-06-09 15:55:30.121627 [47.106679167, 7.2168645] 199.76 0.0 (47.106653985807164, 7.216847330313385) -4.0 2.0 turn_to_on_spot 191.76762484269267 -7.992375157307379 2 
2021-06-09 15:55:30.223305 [47.106679167, 7.2168645] 200.82 0.0 (47.106653985807164, 7.216847330313385) -5.0 2.5 turn_to_on_spot 191.76762484269267 -9.052375157307324 2 
2021-06-09 15:55:30.325610 [47.106679167, 7.2168645] 200.82 0.0 (47.106653985807164, 7.216847330313385) -5.0 2.5 turn_to_on_spot 191.76762484269267 -9.052375157307324 2 
2021-06-09 15:55:30.428050 [47.106678667, 7.216864333] 201.91 0.19509744999940118 (47.106653985807164, 7.216847330313385) -6.0 3.0 turn_to_on_spot 191.76762484269267 -10.142375157307356 2 
2021-06-09 15:55:30.530468 [47.106678667, 7.216864333] 202.95 0.19509744999940118 (47.106653985807164, 7.216847330313385) -6.0 3.0 turn_to_on_spot 191.76762484269267 -11.18237515730732 2 
2021-06-09 15:55:30.632719 [47.106678667, 7.216864333] 202.95 0.19509744999940118 (47.106653985807164, 7.216847330313385) -6.0 3.0 turn_to_on_spot 191.76762484269267 -11.18237515730732 2 
2021-06-09 15:55:30.734989 [47.106678667, 7.216864333] 202.95 0.19509744999940118 (47.106653985807164, 7.216847330313385) -6.0 3.0 turn_to_on_spot 191.76762484269267 -11.18237515730732 2 
2021-06-09 15:55:30.836579 [47.106678667, 7.216864333] 202.95 0.19509744999940118 (47.106653985807164, 7.216847330313385) -6.0 3.0 turn_to_on_spot 191.76762484269267 -11.18237515730732 2 
2021-06-09 15:55:30.938087 [47.106678667, 7.216864333] 202.95 0.19509744999940118 (47.106653985807164, 7.216847330313385) -6.0 3.0 turn_to_on_spot 191.76762484269267 -11.18237515730732 2 
2021-06-09 15:55:31.039606 [47.106678667, 7.216864333] 202.95 0.19509744999940118 (47.106653985807164, 7.216847330313385) -6.0 3.0 turn_to_on_spot 191.76762484269267 -11.18237515730732 2 
2021-06-09 15:55:31.141196 [47.106678667, 7.216864333] 204.02 0.0 (47.106653985807164, 7.216847330313385) -7.0 3.5 turn_to_on_spot 191.76762484269267 -12.25237515730737 2 
2021-06-09 15:55:31.242766 [47.106678333, 7.216864] 204.02 0.5626892634810157 (47.106653985807164, 7.216847330313385) -7.0 3.5 turn_to_on_spot 191.76762484269267 -12.25237515730737 2 
2021-06-09 15:55:31.344419 [47.106678333, 7.216864] 205.25 0.5626892634810157 (47.106653985807164, 7.216847330313385) -7.0 3.5 turn_to_on_spot 191.76762484269267 -13.482375157307388 2 
2021-06-09 15:55:31.446045 [47.106678333, 7.216864] 204.15 0.5626892634810157 (47.106653985807164, 7.216847330313385) -7.0 3.5 turn_to_on_spot 191.76762484269267 -12.382375157307365 2 
2021-06-09 15:55:31.547504 [47.106678333, 7.216864] 204.15 0.5626892634810157 (47.106653985807164, 7.216847330313385) -7.0 3.5 turn_to_on_spot 191.76762484269267 -12.382375157307365 2 
2021-06-09 15:55:31.649121 [47.106678333, 7.216864] 204.15 0.5626892634810157 (47.106653985807164, 7.216847330313385) -7.0 3.5 turn_to_on_spot 191.76762484269267 -12.382375157307365 2 
2021-06-09 15:55:31.750701 [47.106678333, 7.216864] 204.15 0.5626892634810157 (47.106653985807164, 7.216847330313385) -7.0 3.5 turn_to_on_spot 191.76762484269267 -12.382375157307365 2 
2021-06-09 15:55:31.852335 [47.106678333, 7.216864] 204.15 0.5626892634810157 (47.106653985807164, 7.216847330313385) -7.0 3.5 turn_to_on_spot 191.76762484269267 -12.382375157307365 2 
2021-06-09 15:55:31.953873 [47.106678333, 7.216864] 204.15 0.5626892634810157 (47.106653985807164, 7.216847330313385) -7.0 3.5 turn_to_on_spot 191.76762484269267 -12.382375157307365 2 
2021-06-09 15:55:32.055750 [47.106678333, 7.216864] 204.15 0.5626892634810157 (47.106653985807164, 7.216847330313385) -7.0 3.5 turn_to_on_spot 191.76762484269267 -12.382375157307365 2 
2021-06-09 15:55:32.158030 [47.106678333, 7.216864] 204.15 0.0 (47.106653985807164, 7.216847330313385) -7.0 3.5 turn_to_on_spot 191.76762484269267 -12.382375157307365 2 
2021-06-09 15:55:32.260523 [47.106678333, 7.216864] 204.15 0.0 (47.106653985807164, 7.216847330313385) -7.0 3.5 turn_to_on_spot 191.76762484269267 -12.382375157307365 2 
2021-06-09 15:55:32.363443 [47.106678333, 7.216864] 203.08 0.0 (47.106653985807164, 7.216847330313385) -6.0 3.0 turn_to_on_spot 191.76762484269267 -11.312375157307315 2 
2021-06-09 15:55:32.465434 [47.106678333, 7.216864] 203.08 0.0 (47.106653985807164, 7.216847330313385) -6.0 3.0 turn_to_on_spot 191.76762484269267 -11.312375157307315 2 
2021-06-09 15:55:32.566941 [47.106678333, 7.216864] 203.08 0.0 (47.106653985807164, 7.216847330313385) -6.0 3.0 turn_to_on_spot 191.76762484269267 -11.312375157307315 2 
2021-06-09 15:55:32.668592 [47.106678333, 7.216864] 201.99 0.0 (47.106653985807164, 7.216847330313385) -6.0 3.0 turn_to_on_spot 191.76762484269267 -10.222375157307397 2 
2021-06-09 15:55:32.770082 [47.106678333, 7.216864] 201.99 0.0 (47.106653985807164, 7.216847330313385) -6.0 3.0 turn_to_on_spot 191.76762484269267 -10.222375157307397 2 
2021-06-09 15:55:32.871607 [47.106678333, 7.216864] 201.99 0.0 (47.106653985807164, 7.216847330313385) -6.0 3.0 turn_to_on_spot 191.76762484269267 -10.222375157307397 2 
2021-06-09 15:55:32.973105 [47.106678333, 7.216864] 201.99 0.0 (47.106653985807164, 7.216847330313385) -6.0 3.0 turn_to_on_spot 191.76762484269267 -10.222375157307397 2 
2021-06-09 15:55:33.075032 [47.106678333, 7.216864] 200.85 0.0 (47.106653985807164, 7.216847330313385) -5.0 2.5 turn_to_on_spot 191.76762484269267 -9.082375157307297 2 
2021-06-09 15:55:33.177140 [47.106678333, 7.216864] 199.75 0.0 (47.106653985807164, 7.216847330313385) -4.0 2.0 turn_to_on_spot 191.76762484269267 -7.982375157307388 2 
2021-06-09 15:55:33.279806 [47.106678333, 7.216864] 199.75 0.0 (47.106653985807164, 7.216847330313385) -4.0 2.0 turn_to_on_spot 191.76762484269267 -7.982375157307388 2 
2021-06-09 15:55:33.382605 [47.106678333, 7.216864] 198.7 0.0 (47.106653985807164, 7.216847330313385) -4.0 2.0 turn_to_on_spot 191.76762484269267 -6.93237515730732 2 
2021-06-09 15:55:33.484187 [47.106678333, 7.216864] 198.7 0.0 (47.106653985807164, 7.216847330313385) -4.0 2.0 turn_to_on_spot 191.76762484269267 -6.93237515730732 2 
2021-06-09 15:55:33.585676 [47.106676667, 7.216863833] 198.7 0.4978669332746564 (47.106653985807164, 7.216847330313385) -4.0 2.0 turn_to_on_spot 191.76762484269267 -6.93237515730732 2 
2021-06-09 15:55:33.687198 [47.106676667, 7.216863833] 197.61 0.4978669332746564 (47.106653985807164, 7.216847330313385) -3.0 1.5 turn_to_on_spot 191.76762484269267 -5.842375157307288 2 
2021-06-09 15:55:33.788714 [47.106676667, 7.216863833] 197.61 0.4978669332746564 (47.106653985807164, 7.216847330313385) -3.0 1.5 turn_to_on_spot 191.76762484269267 -5.842375157307288 2 
2021-06-09 15:55:33.890347 [47.106676667, 7.216863833] 196.59 0.4978669332746564 (47.106653985807164, 7.216847330313385) -3.0 1.5 turn_to_on_spot 191.76762484269267 -4.822375157307306 1.9 
2021-06-09 15:55:33.991981 [47.106676333, 7.216864] 196.59 0.08747609899055168 (47.106653985807164, 7.216847330313385) -3.0 1.5 turn_to_on_spot 191.76762484269267 -4.822375157307306 1.8 
2021-06-09 15:55:34.094594 [47.106676333, 7.216864] 195.35 0.08747609899055168 (47.106653985807164, 7.216847330313385) -2.0 1.0 turn_to_on_spot 191.76762484269267 -3.582375157307297 1.7 
2021-06-09 15:55:34.197728 [47.106676333, 7.216864] 195.35 0.0 (47.106653985807164, 7.216847330313385) -2.0 1.0 turn_to_on_spot 191.76762484269267 -3.582375157307297 1.6 
2021-06-09 15:55:34.300268 [47.106676333, 7.216864] 195.35 0.0 (47.106653985807164, 7.216847330313385) -2.0 1.0 turn_to_on_spot 191.76762484269267 -3.582375157307297 1.5 
2021-06-09 15:55:34.402989 [47.106676333, 7.216864] 194.24 0.0 (47.106653985807164, 7.216847330313385) -1.0 0.5 turn_to_on_spot 191.76762484269267 -2.472375157307397 1.4 
2021-06-09 15:55:34.504712 [47.106676333, 7.216864] 193.11 0.0 (47.106653985807164, 7.216847330313385) -1.0 0.5 turn_to_on_spot 191.76762484269267 -1.3423751573072877 1.3 
2021-06-09 15:55:34.606298 [47.106676333, 7.216864] 193.11 0.0 (47.106653985807164, 7.216847330313385) -1.0 0.5 turn_to_on_spot 191.76762484269267 -1.3423751573072877 1.2000000000000002 
2021-06-09 15:55:34.707984 [47.106676333, 7.216864] 192.08 0.0 (47.106653985807164, 7.216847330313385) -0.0 0.0 turn_to_on_spot 191.76762484269267 -0.312375157307315 1.1 
2021-06-09 15:55:34.809578 [47.106676333, 7.216864] 191.06 0.0 (47.106653985807164, 7.216847330313385) 0.0 -0.0 turn_to_on_spot 191.76762484269267 0.7076248426926668 1.0 
2021-06-09 15:55:34.911276 [47.106676333, 7.216864] 191.06 0.0 (47.106653985807164, 7.216847330313385) 0.0 -0.0 turn_to_on_spot 191.76762484269267 0.7076248426926668 0.9000000000000001 
2021-06-09 15:55:35.012829 [47.106676333, 7.216864] 191.06 0.0 (47.106653985807164, 7.216847330313385) 0.0 -0.0 turn_to_on_spot 191.76762484269267 0.7076248426926668 0.8 
2021-06-09 15:55:35.115561 [47.106676333, 7.216864] 189.95 0.0 (47.106653985807164, 7.216847330313385) 0.5 -1.0 turn_to_on_spot 191.76762484269267 1.8176248426926804 0.7 
2021-06-09 15:55:35.217688 [47.106676333, 7.216864] 188.69 0.0 (47.106653985807164, 7.216847330313385) 1.0 -2.0 turn_to_on_spot 191.76762484269267 3.0776248426926713 0.5999999999999999 
2021-06-09 15:55:35.320346 [47.106676333, 7.216864] 188.69 0.0 (47.106653985807164, 7.216847330313385) 1.0 -2.0 turn_to_on_spot 191.76762484269267 3.0776248426926713 0.4999999999999998 
2021-06-09 15:55:35.423154 [47.106676333, 7.216864] 188.69 0.0 (47.106653985807164, 7.216847330313385) 1.0 -2.0 turn_to_on_spot 191.76762484269267 3.0776248426926713 0.3999999999999997 
2021-06-09 15:55:35.524774 [47.106676333, 7.216864] 187.61 0.0 (47.106653985807164, 7.216847330313385) 1.0 -2.0 turn_to_on_spot 191.76762484269267 4.157624842692712 0.2999999999999996 
2021-06-09 15:55:35.626284 [47.106676333, 7.216864] 186.49 0.0 (47.106653985807164, 7.216847330313385) 1.5 -3.0 turn_to_on_spot 191.76762484269267 5.277624842692603 2 
2021-06-09 15:55:35.727924 [47.106676333, 7.216864] 186.49 0.0 (47.106653985807164, 7.216847330313385) 1.5 -3.0 turn_to_on_spot 191.76762484269267 5.277624842692603 2 
2021-06-09 15:55:35.829428 [47.106676333, 7.216864] 185.38 0.0 (47.106653985807164, 7.216847330313385) 2.0 -4.0 turn_to_on_spot 191.76762484269267 6.3876248426927305 2 
2021-06-09 15:55:35.930978 [47.106676333, 7.216864] 185.38 0.0 (47.106653985807164, 7.216847330313385) 2.0 -4.0 turn_to_on_spot 191.76762484269267 6.3876248426927305 2 
2021-06-09 15:55:36.032450 [47.106675833, 7.216864167] 185.38 0.06284642331455774 (47.106653985807164, 7.216847330313385) 2.0 -4.0 turn_to_on_spot 191.76762484269267 6.3876248426927305 2 
2021-06-09 15:55:36.134851 [47.106675833, 7.216864167] 184.32 0.06284642331455774 (47.106653985807164, 7.216847330313385) 2.0 -4.0 turn_to_on_spot 191.76762484269267 7.447624842692676 2 
2021-06-09 15:55:36.237849 [47.106675833, 7.216864167] 184.32 0.0 (47.106653985807164, 7.216847330313385) 2.0 -4.0 turn_to_on_spot 191.76762484269267 7.447624842692676 2 
2021-06-09 15:55:36.340308 [47.106675833, 7.216864167] 184.32 0.0 (47.106653985807164, 7.216847330313385) 2.0 -4.0 turn_to_on_spot 191.76762484269267 7.447624842692676 2 
2021-06-09 15:55:36.442689 [47.106675833, 7.216864167] 183.27 0.0 (47.106653985807164, 7.216847330313385) 2.5 -5.0 turn_to_on_spot 191.76762484269267 8.49762484269263 2 
2021-06-09 15:55:36.545187 [47.106675833, 7.216864167] 183.27 0.0 (47.106653985807164, 7.216847330313385) 2.5 -5.0 turn_to_on_spot 191.76762484269267 8.49762484269263 2 
2021-06-09 15:55:36.647236 [47.106675833, 7.216864167] 182.18 0.0 (47.106653985807164, 7.216847330313385) 2.5 -5.0 turn_to_on_spot 191.76762484269267 9.587624842692662 2 
2021-06-09 15:55:36.749389 [47.106675833, 7.216864167] 182.18 0.0 (47.106653985807164, 7.216847330313385) 2.5 -5.0 turn_to_on_spot 191.76762484269267 9.587624842692662 2 
2021-06-09 15:55:36.851730 [47.106675833, 7.216864167] 182.18 0.0 (47.106653985807164, 7.216847330313385) 2.5 -5.0 turn_to_on_spot 191.76762484269267 9.587624842692662 2 
2021-06-09 15:55:36.953270 [47.106675833, 7.216864167] 182.18 0.0 (47.106653985807164, 7.216847330313385) 2.5 -5.0 turn_to_on_spot 191.76762484269267 9.587624842692662 2 
2021-06-09 15:55:37.054791 [47.106675833, 7.216864167] 182.18 0.0 (47.106653985807164, 7.216847330313385) 2.5 -5.0 turn_to_on_spot 191.76762484269267 9.587624842692662 2 
2021-06-09 15:55:37.156302 [47.106675833, 7.216864167] 181.14 0.0 (47.106653985807164, 7.216847330313385) 3.0 -6.0 turn_to_on_spot 191.76762484269267 10.62762484269274 2 
2021-06-09 15:55:37.257813 [47.106675833, 7.216864167] 181.14 0.0 (47.106653985807164, 7.216847330313385) 3.0 -6.0 turn_to_on_spot 191.76762484269267 10.62762484269274 2 
2021-06-09 15:55:37.359329 [47.106675833, 7.216864167] 181.14 0.0 (47.106653985807164, 7.216847330313385) 3.0 -6.0 turn_to_on_spot 191.76762484269267 10.62762484269274 2 
2021-06-09 15:55:37.460830 [47.106675833, 7.216864167] 181.14 0.0 (47.106653985807164, 7.216847330313385) 3.0 -6.0 turn_to_on_spot 191.76762484269267 10.62762484269274 2 
2021-06-09 15:55:37.562469 [47.106675833, 7.216864167] 181.14 0.0 (47.106653985807164, 7.216847330313385) 3.0 -6.0 turn_to_on_spot 191.76762484269267 10.62762484269274 2 
2021-06-09 15:55:37.664091 [47.106675833, 7.216864167] 180.12 0.0 (47.106653985807164, 7.216847330313385) 3.0 -6.0 turn_to_on_spot 191.76762484269267 11.647624842692721 2 
2021-06-09 15:55:37.765612 [47.106675833, 7.216864167] 180.12 0.0 (47.106653985807164, 7.216847330313385) 3.0 -6.0 turn_to_on_spot 191.76762484269267 11.647624842692721 2 
2021-06-09 15:55:37.867127 [47.106674167, 7.2168645] 180.12 0.25577748730314587 (47.106653985807164, 7.216847330313385) 3.0 -6.0 turn_to_on_spot 191.76762484269267 11.647624842692721 2 
2021-06-09 15:55:37.968761 [47.106674167, 7.2168645] 180.12 0.25577748730314587 (47.106653985807164, 7.216847330313385) 3.0 -6.0 turn_to_on_spot 191.76762484269267 11.647624842692721 2 
2021-06-09 15:55:38.070807 [47.106674167, 7.2168645] 180.12 0.25577748730314587 (47.106653985807164, 7.216847330313385) 3.0 -6.0 turn_to_on_spot 191.76762484269267 11.647624842692721 2 
2021-06-09 15:55:38.173350 [47.106674167, 7.2168645] 180.12 0.0 (47.106653985807164, 7.216847330313385) 3.0 -6.0 turn_to_on_spot 191.76762484269267 11.647624842692721 2 
2021-06-09 15:55:38.275817 [47.106674167, 7.2168645] 180.12 0.0 (47.106653985807164, 7.216847330313385) 3.0 -6.0 turn_to_on_spot 191.76762484269267 11.647624842692721 2 
2021-06-09 15:55:38.378269 [47.106674167, 7.2168645] 179.09 0.0 (47.106653985807164, 7.216847330313385) 3.5 -7.0 turn_to_on_spot 191.76762484269267 12.677624842692694 2 
2021-06-09 15:55:38.479812 [47.106674167, 7.2168645] 179.09 0.0 (47.106653985807164, 7.216847330313385) 3.5 -7.0 turn_to_on_spot 191.76762484269267 12.677624842692694 2 
2021-06-09 15:55:38.581498 [47.106673833, 7.216864667] 179.09 0.09576690962919242 (47.106653985807164, 7.216847330313385) 3.5 -7.0 turn_to_on_spot 191.76762484269267 12.677624842692694 2 
2021-06-09 15:55:38.683171 [47.106673833, 7.216864667] 179.09 0.09576690962919242 (47.106653985807164, 7.216847330313385) 3.5 -7.0 turn_to_on_spot 191.76762484269267 12.677624842692694 2 
2021-06-09 15:55:38.784689 [47.106673833, 7.216864667] 180.1 0.09576690962919242 (47.106653985807164, 7.216847330313385) 3.0 -6.0 turn_to_on_spot 191.76762484269267 11.667624842692703 2 
2021-06-09 15:55:38.886217 [47.106673833, 7.216864667] 180.1 0.09576690962919242 (47.106653985807164, 7.216847330313385) 3.0 -6.0 turn_to_on_spot 191.76762484269267 11.667624842692703 2 
2021-06-09 15:55:38.987708 [47.106673833, 7.216864667] 180.1 0.09576690962919242 (47.106653985807164, 7.216847330313385) 3.0 -6.0 turn_to_on_spot 191.76762484269267 11.667624842692703 2 
2021-06-09 15:55:39.090163 [47.106673833, 7.216864667] 180.1 0.09576690962919242 (47.106653985807164, 7.216847330313385) 3.0 -6.0 turn_to_on_spot 191.76762484269267 11.667624842692703 2 
2021-06-09 15:55:39.192639 [47.106673833, 7.216864667] 180.1 0.0 (47.106653985807164, 7.216847330313385) 3.0 -6.0 turn_to_on_spot 191.76762484269267 11.667624842692703 2 
2021-06-09 15:55:39.294823 [47.106673833, 7.216864667] 180.1 0.0 (47.106653985807164, 7.216847330313385) 3.0 -6.0 turn_to_on_spot 191.76762484269267 11.667624842692703 2 
2021-06-09 15:55:39.397414 [47.106673833, 7.216864667] 180.1 0.0 (47.106653985807164, 7.216847330313385) 3.0 -6.0 turn_to_on_spot 191.76762484269267 11.667624842692703 2 
2021-06-09 15:55:39.500300 [47.106673833, 7.216864667] 181.11 0.0 (47.106653985807164, 7.216847330313385) 3.0 -6.0 turn_to_on_spot 191.76762484269267 11.667624842692703 2 
2021-06-09 15:55:39.601869 [47.106673833, 7.216864667] 181.11 0.0 (47.106653985807164, 7.216847330313385) 3.0 -6.0 turn_to_on_spot 191.76762484269267 10.657624842692712 2 
2021-06-09 15:55:39.703396 [47.1066735, 7.2168645] 181.11 0.06703707514806449 (47.106653985807164, 7.216847330313385) 3.0 -6.0 turn_to_on_spot 191.76762484269267 10.657624842692712 2 
2021-06-09 15:55:39.804898 [47.1066735, 7.2168645] 181.11 0.06703707514806449 (47.106653985807164, 7.216847330313385) 3.0 -6.0 turn_to_on_spot 191.76762484269267 10.657624842692712 2 
2021-06-09 15:55:39.906404 [47.1066735, 7.2168645] 181.11 0.06703707514806449 (47.106653985807164, 7.216847330313385) 3.0 -6.0 turn_to_on_spot 191.76762484269267 10.657624842692712 2 
2021-06-09 15:55:40.007918 [47.1066735, 7.2168645] 182.12 0.06703707514806449 (47.106653985807164, 7.216847330313385) 2.5 -5.0 turn_to_on_spot 191.76762484269267 9.647624842692721 2 
2021-06-09 15:55:40.109636 [47.1066735, 7.2168645] 182.12 0.06703707514806449 (47.106653985807164, 7.216847330313385) 2.5 -5.0 turn_to_on_spot 191.76762484269267 9.647624842692721 2 
2021-06-09 15:55:40.211778 [47.1066735, 7.2168645] 183.18 0.0 (47.106653985807164, 7.216847330313385) 2.5 -5.0 turn_to_on_spot 191.76762484269267 8.587624842692662 2 
2021-06-09 15:55:40.313856 [47.1066735, 7.2168645] 183.18 0.0 (47.106653985807164, 7.216847330313385) 2.5 -5.0 turn_to_on_spot 191.76762484269267 8.587624842692662 2 
2021-06-09 15:55:40.416229 [47.1066735, 7.2168645] 184.22 0.0 (47.106653985807164, 7.216847330313385) 2.0 -4.0 turn_to_on_spot 191.76762484269267 7.547624842692699 2 
2021-06-09 15:55:40.518203 [47.106672833, 7.216863833] 184.22 0.2900773665118079 (47.106653985807164, 7.216847330313385) 2.0 -4.0 turn_to_on_spot 191.76762484269267 7.547624842692699 2 
2021-06-09 15:55:40.619693 [47.106672833, 7.216863833] 184.22 0.2900773665118079 (47.106653985807164, 7.216847330313385) 2.0 -4.0 turn_to_on_spot 191.76762484269267 7.547624842692699 2 
2021-06-09 15:55:40.721871 [47.106672833, 7.216863833] 184.22 0.2900773665118079 (47.106653985807164, 7.216847330313385) 2.0 -4.0 turn_to_on_spot 191.76762484269267 7.547624842692699 2 
2021-06-09 15:55:40.824118 [47.106672833, 7.216863833] 185.28 0.2900773665118079 (47.106653985807164, 7.216847330313385) 2.0 -4.0 turn_to_on_spot 191.76762484269267 6.4876248426926395 2 
2021-06-09 15:55:40.925730 [47.106672833, 7.216863833] 185.28 0.2900773665118079 (47.106653985807164, 7.216847330313385) 2.0 -4.0 turn_to_on_spot 191.76762484269267 6.4876248426926395 2 
2021-06-09 15:55:41.027257 [47.106672833, 7.216863833] 185.28 0.2900773665118079 (47.106653985807164, 7.216847330313385) 2.0 -4.0 turn_to_on_spot 191.76762484269267 6.4876248426926395 2 
2021-06-09 15:55:41.131225 [47.106672833, 7.216863833] 186.28 0.0 (47.106653985807164, 7.216847330313385) 1.5 -3.0 turn_to_on_spot 191.76762484269267 5.4876248426926395 2 
2021-06-09 15:55:41.233607 [47.106672833, 7.216863833] 187.31 0.0 (47.106653985807164, 7.216847330313385) 1.0 -2.0 turn_to_on_spot 191.76762484269267 4.457624842692667 1.9 
2021-06-09 15:55:41.336514 [47.106672833, 7.216863833] 187.31 0.0 (47.106653985807164, 7.216847330313385) 1.0 -2.0 turn_to_on_spot 191.76762484269267 4.457624842692667 1.8 
2021-06-09 15:55:41.438908 [47.106672833, 7.216863667] 188.42 0.05867643109744245 (47.106653985807164, 7.216847330313385) 1.0 -2.0 turn_to_on_spot 191.76762484269267 3.347624842692653 1.7 
2021-06-09 15:55:41.540604 [47.106672833, 7.216863667] 188.42 0.05867643109744245 (47.106653985807164, 7.216847330313385) 1.0 -2.0 turn_to_on_spot 191.76762484269267 3.347624842692653 1.6 
2021-06-09 15:55:41.642142 [47.106672833, 7.216863667] 188.42 0.05867643109744245 (47.106653985807164, 7.216847330313385) 1.0 -2.0 turn_to_on_spot 191.76762484269267 3.347624842692653 1.5 
2021-06-09 15:55:41.743615 [47.106672833, 7.216863667] 188.42 0.05867643109744245 (47.106653985807164, 7.216847330313385) 1.0 -2.0 turn_to_on_spot 191.76762484269267 3.347624842692653 1.4 
2021-06-09 15:55:41.845308 [47.106672833, 7.216863667] 189.44 0.05867643109744245 (47.106653985807164, 7.216847330313385) 0.5 -1.0 turn_to_on_spot 191.76762484269267 2.3276248426926713 1.3 
2021-06-09 15:55:41.946946 [47.106672833, 7.216863667] 190.44 0.05867643109744245 (47.106653985807164, 7.216847330313385) 0.5 -1.0 turn_to_on_spot 191.76762484269267 1.3276248426926713 1.2000000000000002 
2021-06-09 15:55:42.049322 [47.106672833, 7.216863667] 190.44 0.05867643109744245 (47.106653985807164, 7.216847330313385) 0.5 -1.0 turn_to_on_spot 191.76762484269267 1.3276248426926713 1.1 
2021-06-09 15:55:42.151547 [47.106672833, 7.216863667] 191.51 0.05867643109744245 (47.106653985807164, 7.216847330313385) 0.0 -0.0 turn_to_on_spot 191.76762484269267 0.2576248426926213 1.0 
2021-06-09 15:55:42.254381 [47.106672833, 7.216863667] 191.51 0.0 (47.106653985807164, 7.216847330313385) 0.0 -0.0 turn_to_on_spot 191.76762484269267 0.2576248426926213 0.9000000000000001 
2021-06-09 15:55:42.356567 [47.106672833, 7.216863667] 191.51 0.0 (47.106653985807164, 7.216847330313385) 0.0 -0.0 turn_to_on_spot 191.76762484269267 0.2576248426926213 0.8 
2021-06-09 15:55:42.458723 [47.106672833, 7.216863667] 192.53 0.0 (47.106653985807164, 7.216847330313385) -0.0 0.0 turn_to_on_spot 191.76762484269267 -0.7623751573073605 0.7 
2021-06-09 15:55:42.561099 [47.1066725, 7.2168635] 192.53 0.10294949031646997 (47.106653985807164, 7.216847330313385) -0.0 0.0 turn_to_on_spot 191.76762484269267 -0.7623751573073605 0.5999999999999999 
2021-06-09 15:55:42.663488 [47.1066725, 7.2168635] 193.61 0.10294949031646997 (47.106653985807164, 7.216847330313385) -1.0 0.5 turn_to_on_spot 191.76762484269267 -1.8423751573072877 0.4999999999999998 
2021-06-09 15:55:42.765376 [47.1066725, 7.2168635] 194.63 0.10294949031646997 (47.106653985807164, 7.216847330313385) -2.0 1.0 turn_to_on_spot 191.76762484269267 -2.8623751573072695 0.3999999999999997 
2021-06-09 15:55:42.868047 [47.1066725, 7.2168635] 194.63 0.10294949031646997 (47.106653985807164, 7.216847330313385) -2.0 1.0 turn_to_on_spot 191.76762484269267 -2.8623751573072695 0.2999999999999996 
2021-06-09 15:55:42.969750 [47.1066725, 7.2168635] 194.63 0.10294949031646997 (47.106653985807164, 7.216847330313385) -2.0 1.0 turn_to_on_spot 191.76762484269267 -2.8623751573072695 0.1999999999999995 
2021-06-09 15:55:43.071127 [47.1066725, 7.2168635] 194.63 0.10294949031646997 (47.106653985807164, 7.216847330313385) -2.0 1.0 turn_to_on_spot 191.76762484269267 -2.8623751573072695 0.09999999999999942 
2021-06-09 15:55:43.172421 [47.1066725, 7.2168635] 194.63 0.0 (47.106653985807164, 7.216847330313385) 0 0 throttle 
2021-06-09 15:55:43.173217 [47.1066725, 7.2168635] 194.63 0.0 (47.106653985807164, 7.216847330313385) 70.0 70.0 throttle 
2021-06-09 15:55:43.180678 [47.1066725, 7.2168635] 194.63 0.0 (47.106653985807164, 7.216847330313385) 70.0 68.0 turn_to 200.90866930383498 6.278669303834931 
2021-06-09 15:55:43.282325 [47.1066725, 7.2168635] 195.64 0.0 (47.106653985807164, 7.216847330313385) 70.0 68.0 turn_to 200.90866930383498 5.26866930383494 
2021-06-09 15:55:43.383433 [47.1066725, 7.2168635] 195.64 0.0 (47.106653985807164, 7.216847330313385) 70.0 68.0 turn_to 200.90866930383498 5.26866930383494 
2021-06-09 15:55:43.484558 [47.1066725, 7.2168635] 195.64 0.0 (47.106653985807164, 7.216847330313385) 70.0 68.0 turn_to 200.90866930383498 5.26866930383494 
2021-06-09 15:55:43.585559 [47.1066725, 7.2168635] 196.75 0.0 (47.106653985807164, 7.216847330313385) 70.0 70.0 autonomous 210.72915206111537 6.278669303834997 
2021-06-09 15:55:43.687721 [47.1066725, 7.2168635] 197.79 0.0 (47.106653985807164, 7.216847330313385) 70.0 67.0 turn_to 204.6071760305577 6.817176030557675 
2021-06-09 15:55:43.788845 [47.1066725, 7.2168635] 199.0 0.0 (47.106653985807164, 7.216847330313385) 70.0 68.0 turn_to 204.6071760305577 5.607176030557639 
2021-06-09 15:55:43.889993 [47.1066725, 7.2168635] 200.02 0.0 (47.106653985807164, 7.216847330313385) 70.0 70.0 autonomous 210.72915206111537 6.81717603055769 
2021-06-09 15:55:43.991773 [47.1066725, 7.2168635] 201.22 0.0 (47.106653985807164, 7.216847330313385) 70.0 70.0 autonomous 210.72915206111537 4.970884509946534 
2021-06-09 15:55:44.094463 [47.1066725, 7.2168635] 202.25 0.0 (47.106653985807164, 7.216847330313385) 70.0 70.0 autonomous 210.72915206111537 4.3844760305576855 
2021-06-09 15:55:44.197140 [47.1066725, 7.2168635] 203.35 0.0 (47.106653985807164, 7.216847330313385) 70.0 70.0 autonomous 210.72915206111537 3.6838845099465343 
2021-06-09 15:55:44.299768 [47.1066725, 7.2168635] 203.35 0.0 (47.106653985807164, 7.216847330313385) 70.0 70.0 autonomous 210.72915206111537 3.7314760305576886 
2021-06-09 15:55:44.403002 [47.1066725, 7.2168635] 203.35 0.0 (47.106653985807164, 7.216847330313385) 70.0 70.0 autonomous 210.72915206111537 3.573884509946535 
2021-06-09 15:55:44.504680 [47.1066725, 7.2168635] 204.42 0.0 (47.106653985807164, 7.216847330313385) 70.0 70.0 autonomous 210.72915206111537 3.3141760305576913 
2021-06-09 15:55:44.606283 [47.1066725, 7.2168635] 205.55 0.0 (47.106653985807164, 7.216847330313385) 70.0 70.0 autonomous 210.72915206111537 2.598184509946529 
2021-06-09 15:55:44.707851 [47.1066725, 7.2168635] 205.55 0.0 (47.106653985807164, 7.216847330313385) 70.0 70.0 autonomous 210.72915206111537 2.64217603055768 
2021-06-09 15:55:44.809465 [47.1066725, 7.2168635] 205.55 0.0 (47.106653985807164, 7.216847330313385) 70.0 70.0 autonomous 210.72915206111537 2.4851845099465266 
2021-06-09 15:55:44.911177 [47.1066725, 7.2168635] 206.57 0.0 (47.106653985807164, 7.216847330313385) 70.0 70.0 autonomous 210.72915206111537 2.244376030557687 
2021-06-09 15:55:45.012830 [47.1066725, 7.2168635] 206.57 0.0 (47.106653985807164, 7.216847330313385) 70.0 70.0 autonomous 210.72915206111537 1.9751845099465357 
2021-06-09 15:55:45.115527 [47.1066725, 7.2168635] 206.57 0.0 (47.106653985807164, 7.216847330313385) 70.0 70.0 autonomous 210.72915206111537 2.142376030557689 
2021-06-09 15:55:45.218034 [47.106667, 7.2168595] 206.57 15.704123981138894 (47.106653985807164, 7.216847330313385) 70.0 70.0 autonomous 212.47547134247873 2.656249029678244 
2021-06-09 15:55:45.320830 [47.106667, 7.2168595] 205.57 15.704123981138894 (47.106653985807164, 7.216847330313385) 70.0 70.0 autonomous 212.47547134247873 3.4055356712393663 
2021-06-09 15:55:45.422935 [47.106667, 7.2168595] 205.57 15.704123981138894 (47.106653985807164, 7.216847330313385) 70.0 70.0 autonomous 212.47547134247873 3.3308809578145797 
2021-06-09 15:55:45.524671 [47.106667, 7.2168595] 206.59 15.704123981138894 (47.106653985807164, 7.216847330313385) 70.0 70.0 autonomous 212.47547134247873 3.1077356712393627 
2021-06-09 15:55:45.626313 [47.106667, 7.2168595] 206.59 15.704123981138894 (47.106653985807164, 7.216847330313385) 70.0 70.0 autonomous 212.47547134247873 2.8208809578145746 
2021-06-09 15:55:45.728061 [47.106667, 7.2168595] 206.59 15.704123981138894 (47.106653985807164, 7.216847330313385) 70.0 70.0 autonomous 212.47547134247873 3.0057356712393615 
2021-06-09 15:55:45.829686 [47.106667, 7.2168595] 206.59 15.704123981138894 (47.106653985807164, 7.216847330313385) 70.0 70.0 autonomous 212.47547134247873 2.8208809578145746 
2021-06-09 15:55:45.931365 [47.106667, 7.2168595] 206.59 15.704123981138894 (47.106653985807164, 7.216847330313385) 70.0 70.0 autonomous 212.47547134247873 3.0057356712393615 
2021-06-09 15:55:46.032960 [47.106667, 7.2168595] 206.59 15.704123981138894 (47.106653985807164, 7.216847330313385) 70.0 70.0 autonomous 212.47547134247873 2.8208809578145746 
2021-06-09 15:55:46.135147 [47.1066635, 7.216857167] 206.59 0.0 (47.106653985807164, 7.216847330313385) 70.0 70.0 autonomous 215.13430798013698 4.042681959926081 
2021-06-09 15:55:46.237547 [47.1066635, 7.216857167] 206.59 0.0 (47.106653985807164, 7.216847330313385) 70.0 70.0 autonomous 215.13430798013698 4.150299276643702 
2021-06-09 15:55:46.340264 [47.1066635, 7.216857167] 207.63 0.0 (47.106653985807164, 7.216847330313385) 70.0 70.0 autonomous 215.13430798013698 3.9029656236919092 
2021-06-09 15:55:46.443761 [47.1066635, 7.216857167] 207.63 0.0 (47.106653985807164, 7.216847330313385) 70.0 70.0 autonomous 215.13430798013698 3.6302992766437057 
2021-06-09 15:55:46.545528 [47.1066635, 7.216857167] 207.63 0.0 (47.106653985807164, 7.216847330313385) 70.0 70.0 autonomous 215.13430798013698 3.79896562369191 
2021-06-09 15:55:46.647163 [47.1066635, 7.216857167] 207.63 0.0 (47.106653985807164, 7.216847330313385) 70.0 70.0 autonomous 215.13430798013698 3.6302992766437057 
2021-06-09 15:55:46.748765 [47.1066635, 7.216857167] 207.63 0.0 (47.106653985807164, 7.216847330313385) 70.0 70.0 autonomous 215.13430798013698 3.79896562369191 
2021-06-09 15:55:46.850410 [47.1066635, 7.216857167] 207.63 0.0 (47.106653985807164, 7.216847330313385) 70.0 70.0 autonomous 215.13430798013698 3.6302992766437057 
2021-06-09 15:55:46.955054 [47.1066595, 7.216854667] 207.63 0.5740050308750047 (47.106653985807164, 7.216847330313385) 70.0 67.0 turn_to 214.1704489922326 6.540448992232541 
2021-06-09 15:55:47.056682 [47.1066595, 7.216854667] 208.69 0.5740050308750047 (47.106653985807164, 7.216847330313385) 70.0 68.0 turn_to 214.1704489922326 5.480448992232596 
2021-06-09 15:55:47.158131 [47.1066595, 7.216854667] 208.69 0.0 (47.106653985807164, 7.216847330313385) 70.0 68.0 turn_to 214.1704489922326 5.480448992232596 
2021-06-09 15:55:47.259797 [47.1066595, 7.216854667] 208.69 0.0 (47.106653985807164, 7.216847330313385) 70.0 68.0 turn_to 214.1704489922326 5.480448992232596 
2021-06-09 15:55:47.361910 [47.1066595, 7.216854667] 208.69 0.0 (47.106653985807164, 7.216847330313385) 70.0 68.0 turn_to 214.1704489922326 5.480448992232596 
2021-06-09 15:55:47.463710 [47.1066595, 7.216854667] 208.69 0.0 (47.106653985807164, 7.216847330313385) 70.0 68.0 turn_to 214.1704489922326 5.480448992232596 
2021-06-09 15:55:47.564925 [47.1066595, 7.216854667] 208.69 0.0 (47.106653985807164, 7.216847330313385) 70.0 68.0 turn_to 214.1704489922326 5.480448992232596 
2021-06-09 15:55:47.666093 [47.1066595, 7.216854667] 209.78 0.0 (47.106653985807164, 7.216847330313385) 70.0 70.0 autonomous 222.1637525148567 6.540448992232599 
2021-06-09 15:55:47.768204 [47.1066595, 7.216854667] 209.78 0.0 (47.106653985807164, 7.216847330313385) 70.0 68.0 turn_to 216.08652154400357 6.3065215440035445 
2021-06-09 15:55:47.869335 [47.1066595, 7.216854667] 210.81 0.0 (47.106653985807164, 7.216847330313385) 70.0 68.0 turn_to 216.08652154400357 5.276521544003572 
2021-06-09 15:55:47.970442 [47.1066595, 7.216854667] 210.81 0.0 (47.106653985807164, 7.216847330313385) 70.0 68.0 turn_to 216.08652154400357 5.276521544003572 
2021-06-09 15:55:48.071817 [47.1066595, 7.216854667] 210.81 0.0 (47.106653985807164, 7.216847330313385) 70.0 68.0 turn_to 216.08652154400357 5.276521544003572 
2021-06-09 15:55:48.173610 [47.1066595, 7.216854667] 210.81 0.0 (47.106653985807164, 7.216847330313385) 70.0 68.0 turn_to 216.08652154400357 5.276521544003572 
2021-06-09 15:55:48.275204 [47.1066595, 7.216854667] 210.81 0.0 (47.106653985807164, 7.216847330313385) 70.0 68.0 turn_to 216.08652154400357 5.276521544003572 
2021-06-09 15:55:48.376990 [47.1066595, 7.216854667] 210.81 0.0 (47.106653985807164, 7.216847330313385) 70.0 68.0 turn_to 216.08652154400357 5.276521544003572 
2021-06-09 15:55:48.478575 [47.1066385, 7.2168405] 210.81 9.125246707372284 (47.106653985807164, 7.216847330313385) 70.0 68.0 turn_to 216.08652154400357 5.276521544003572 
2021-06-09 15:55:48.580565 [47.1066385, 7.2168405] 210.81 9.125246707372284 (47.106653985807164, 7.216847330313385) 70.0 68.0 turn_to 216.08652154400357 5.276521544003572 
2021-06-09 15:55:48.682160 [47.1066385, 7.2168405] 210.81 9.125246707372284 (47.106653985807164, 7.216847330313385) 70.0 68.0 turn_to 216.08652154400357 5.276521544003572 
2021-06-09 15:55:48.783461 [47.1066385, 7.2168405] 209.71 9.125246707372284 (47.106653985807164, 7.216847330313385) 70.0 68.0 turn_to 216.08652154400357 6.3765215440035945 
2021-06-09 15:55:48.885058 [47.1066385, 7.2168405] 209.71 9.125246707372284 (47.106653985807164, 7.216847330313385) 70.0 68.0 turn_to 216.08652154400357 6.3765215440035945 
2021-06-09 15:55:48.986312 [47.1066385, 7.2168405] 208.61 9.125246707372284 (47.106653985807164, 7.216847330313385) 70.0 67.0 turn_to 216.08652154400357 7.476521544003617 
2021-06-09 15:55:49.087501 [47.1066385, 7.2168405] 207.52 9.125246707372284 (47.106653985807164, 7.216847330313385) 70.0 67.0 turn_to 216.08652154400357 8.566521544003535 
2021-06-09 15:55:49.188633 [47.1066345, 7.216837] 207.52 0.0 (47.106653985807164, 7.216847330313385) 70.0 67.0 turn_to 216.08652154400357 8.566521544003535 
2021-06-09 15:55:49.289751 [47.1066345, 7.216837] 207.52 0.0 (47.106653985807164, 7.216847330313385) 70.0 67.0 turn_to 216.08652154400357 8.566521544003535 
2021-06-09 15:55:49.390881 [47.1066345, 7.216837] 207.52 0.0 (47.106653985807164, 7.216847330313385) 70.0 67.0 turn_to 216.08652154400357 8.566521544003535 
2021-06-09 15:55:49.492004 [47.1066345, 7.216837] 207.52 0.0 (47.106653985807164, 7.216847330313385) 70.0 67.0 turn_to 216.08652154400357 8.566521544003535 
2021-06-09 15:55:49.593143 [47.1066345, 7.216837] 208.54 0.0 (47.106653985807164, 7.216847330313385) 70.0 67.0 turn_to 216.08652154400357 7.546521544003554 
2021-06-09 15:55:49.694275 [47.1066345, 7.216837] 208.54 0.0 (47.106653985807164, 7.216847330313385) 70.0 67.0 turn_to 216.08652154400357 7.546521544003554 
2021-06-09 15:55:49.795380 [47.1066345, 7.216837] 208.54 0.0 (47.106653985807164, 7.216847330313385) 70.0 67.0 turn_to 216.08652154400357 7.546521544003554 
2021-06-09 15:55:49.896504 [47.1066345, 7.216837] 208.54 0.0 (47.106653985807164, 7.216847330313385) 70.0 67.0 turn_to 216.08652154400357 7.546521544003554 
2021-06-09 15:55:49.997636 [47.1066345, 7.216837] 208.54 0.0 (47.106653985807164, 7.216847330313385) 70.0 67.0 turn_to 216.08652154400357 7.546521544003554 
2021-06-09 15:55:50.098965 [47.1066345, 7.216837] 208.54 0.0 (47.106653985807164, 7.216847330313385) 70.0 67.0 turn_to 216.08652154400357 7.546521544003554 
2021-06-09 15:55:50.200383 [47.1066345, 7.216837] 208.54 0.0 (47.106653985807164, 7.216847330313385) 70.0 67.0 turn_to 216.08652154400357 7.546521544003554 
2021-06-09 15:55:50.301896 [47.1066345, 7.216837] 208.54 0.0 (47.106653985807164, 7.216847330313385) 70.0 67.0 turn_to 216.08652154400357 7.546521544003554 
2021-06-09 15:55:50.403139 [47.1066345, 7.216837] 207.51 0.0 (47.106653985807164, 7.216847330313385) 70.0 67.0 turn_to 216.08652154400357 8.576521544003526 
2021-06-09 15:55:50.504688 [47.1066345, 7.216837] 207.51 0.0 (47.106653985807164, 7.216847330313385) 70.0 67.0 turn_to 216.08652154400357 8.576521544003526 
2021-06-09 15:55:50.605930 [47.1066345, 7.216837] 207.51 0.0 (47.106653985807164, 7.216847330313385) 70.0 67.0 turn_to 216.08652154400357 8.576521544003526 
2021-06-09 15:55:50.707054 [47.1066345, 7.216837] 206.51 0.0 (47.106653985807164, 7.216847330313385) 70.0 66.0 turn_to 216.08652154400357 9.576521544003526 
2021-06-09 15:55:50.808196 [47.1066345, 7.216837] 206.51 0.0 (47.106653985807164, 7.216847330313385) 70.0 66.0 turn_to 216.08652154400357 9.576521544003526 
2021-06-09 15:55:50.909303 [47.1066345, 7.216837] 206.51 0.0 (47.106653985807164, 7.216847330313385) 70.0 66.0 turn_to 216.08652154400357 9.576521544003526 
2021-06-09 15:55:51.010433 [47.1066345, 7.216837] 206.51 0.0 (47.106653985807164, 7.216847330313385) 70.0 66.0 turn_to 216.08652154400357 9.576521544003526 
2021-06-09 15:55:51.111691 [47.1066345, 7.216837] 206.51 0.0 (47.106653985807164, 7.216847330313385) 70.0 66.0 turn_to 216.08652154400357 9.576521544003526 
2021-06-09 15:55:51.213214 [47.106626, 7.216831] 206.51 28.422932739269793 (47.106653985807164, 7.216847330313385) 70.0 66.0 turn_to 216.08652154400357 9.576521544003526 
2021-06-09 15:55:51.314440 [47.106626, 7.216831] 206.51 28.422932739269793 (47.106653985807164, 7.216847330313385) 70.0 66.0 turn_to 216.08652154400357 9.576521544003526 
2021-06-09 15:55:51.416052 [47.106626, 7.216831] 206.51 28.422932739269793 (47.106653985807164, 7.216847330313385) 70.0 66.0 turn_to 216.08652154400357 9.576521544003526 
2021-06-09 15:55:51.517268 [47.106626, 7.216831] 206.51 28.422932739269793 (47.106653985807164, 7.216847330313385) 70.0 66.0 turn_to 216.08652154400357 9.576521544003526 
2021-06-09 15:55:51.618707 [47.106626, 7.216831] 206.51 28.422932739269793 (47.106653985807164, 7.216847330313385) 70.0 66.0 turn_to 216.08652154400357 9.576521544003526 
2021-06-09 15:55:51.719973 [47.106626, 7.216831] 206.51 28.422932739269793 (47.106653985807164, 7.216847330313385) 70.0 66.0 turn_to 216.08652154400357 9.576521544003526 
2021-06-09 15:55:51.821083 [47.106626, 7.216831] 206.51 28.422932739269793 (47.106653985807164, 7.216847330313385) 70.0 66.0 turn_to 216.08652154400357 9.576521544003526 
2021-06-09 15:55:51.922240 [47.106609667, 7.2168195] 206.51 2.9975998061044753 (47.106653985807164, 7.216847330313385) 70.0 66.0 turn_to 216.08652154400357 9.576521544003526 
2021-06-09 15:55:52.023488 [47.106609667, 7.2168195] 207.53 2.9975998061044753 (47.106653985807164, 7.216847330313385) 70.0 67.0 turn_to 216.08652154400357 8.556521544003544 
2021-06-09 15:55:52.126621 [47.106609667, 7.2168195] 207.53 0.0 (47.106653985807164, 7.216847330313385) 70.0 67.0 turn_to 216.08652154400357 8.556521544003544 
2021-06-09 15:55:52.229107 [47.106609667, 7.2168195] 208.53 0.0 (47.106653985807164, 7.216847330313385) 70.0 67.0 turn_to 216.08652154400357 7.5565215440035445 
2021-06-09 15:55:52.330435 [47.106609667, 7.2168195] 208.53 0.0 (47.106653985807164, 7.216847330313385) 70.0 67.0 turn_to 216.08652154400357 7.5565215440035445 
2021-06-09 15:55:52.431871 [47.106609667, 7.2168195] 208.53 0.0 (47.106653985807164, 7.216847330313385) 70.0 67.0 turn_to 216.08652154400357 7.5565215440035445 
2021-06-09 15:55:52.533128 [47.106609667, 7.2168195] 209.6 0.0 (47.106653985807164, 7.216847330313385) 70.0 67.0 turn_to 216.08652154400357 6.486521544003608 
2021-06-09 15:55:52.634230 [47.106609667, 7.2168195] 209.6 0.0 (47.106653985807164, 7.216847330313385) 70.0 67.0 turn_to 216.08652154400357 6.486521544003608 
2021-06-09 15:55:52.735379 [47.106609667, 7.2168195] 209.6 0.0 (47.106653985807164, 7.216847330313385) 70.0 67.0 turn_to 216.08652154400357 6.486521544003608 
2021-06-09 15:55:52.836506 [47.106609667, 7.2168195] 209.6 0.0 (47.106653985807164, 7.216847330313385) 70.0 67.0 turn_to 216.08652154400357 6.486521544003608 
2021-06-09 15:55:52.937634 [47.106609667, 7.2168195] 210.62 0.0 (47.106653985807164, 7.216847330313385) 70.0 68.0 turn_to 216.08652154400357 5.466521544003626 
2021-06-09 15:55:53.038760 [47.106609667, 7.2168195] 210.62 0.0 (47.106653985807164, 7.216847330313385) 70.0 68.0 turn_to 216.08652154400357 5.466521544003626 
2021-06-09 15:55:53.140012 [47.106609667, 7.2168195] 201.68 0.0 (47.106653985807164, 7.216847330313385) 70.0 64.0 turn_to 216.08652154400357 14.406521544003567 
2021-06-09 15:55:53.241290 [47.106609667, 7.2168195] 198.57 0.0 (47.106653985807164, 7.216847330313385) 70.0 63.0 turn_to 216.08652154400357 17.51652154400358 
2021-06-09 15:55:53.342866 [47.106609667, 7.2168195] 203.25 0.0 (47.106653985807164, 7.216847330313385) 70.0 64.0 turn_to 216.08652154400357 15.00652154400359 
2021-06-09 15:55:53.444270 [47.106605333, 7.216816833] 206.04 1.9381348758362529 (47.106653985807164, 7.216847330313385) 70.0 66.0 turn_to 216.08652154400357 10.046521544003554 
2021-06-09 15:55:53.545532 [47.106605333, 7.216816833] 207.14 1.9381348758362529 (47.106653985807164, 7.216847330313385) 70.0 67.0 turn_to 216.08652154400357 8.946521544003645 
2021-06-09 15:55:53.646636 [47.106605333, 7.216816833] 207.14 1.9381348758362529 (47.106653985807164, 7.216847330313385) 70.0 67.0 turn_to 216.08652154400357 8.946521544003645 
2021-06-09 15:55:53.747775 [47.106605333, 7.216816833] 207.14 1.9381348758362529 (47.106653985807164, 7.216847330313385) 70.0 67.0 turn_to 216.08652154400357 8.946521544003645 
2021-06-09 15:55:53.848895 [47.106605333, 7.216816833] 207.14 1.9381348758362529 (47.106653985807164, 7.216847330313385) 70.0 67.0 turn_to 216.08652154400357 8.946521544003645 
2021-06-09 15:55:53.950049 [47.106601333, 7.216813833] 208.25 1.1172503109202074 (47.106653985807164, 7.216847330313385) 70.0 67.0 turn_to 216.08652154400357 7.836521544003517 
2021-06-09 15:55:54.051901 [47.106601333, 7.216813833] 209.32 1.1172503109202074 (47.106653985807164, 7.216847330313385) 70.0 67.0 turn_to 216.08652154400357 6.766521544003581 
2021-06-09 15:55:54.153747 [47.106601333, 7.216813833] 204.95 0.0 (47.106653985807164, 7.216847330313385) 70.0 66.0 turn_to 216.08652154400357 11.136521544003585 
2021-06-09 15:55:54.555920 [47.106601333, 7.216813833] 230.08 0.0 (47.106653985807164, 7.216847330313385) 70.0 70.0 autonomous 222.1637525148567 6.306521544003561 
2021-06-09 15:55:54.657584 [47.106601333, 7.216813833] 234.73 0.0 (47.106653985807164, 7.216847330313385) 70.0 70.0 autonomous 23.41334723505952 -82.98828585449053 
2021-06-09 15:55:54.760056 [47.106601333, 7.216813833] 237.5 0.0 (47.106653985807164, 7.216847330313385) 70.0 70.0 autonomous 23.41334723505952 -106.46632638247024 
2021-06-09 15:55:54.861774 [47.106601333, 7.216813833] 241.11 0.0 (47.106653985807164, 7.216847330313385) 70.0 70.0 autonomous 23.41334723505952 -108.18732638247025 
2021-06-09 15:55:54.963465 [47.106591167, 7.216801833] 243.4 1.8727141328333663 (47.106653985807164, 7.216847330313385) 70.0 70.0 autonomous 26.24140677022791 -108.3331025684029 
2021-06-09 15:55:55.065148 [47.106591167, 7.216801833] 245.94 1.8727141328333663 (47.106653985807164, 7.216847330313385) 70.0 70.0 autonomous 26.24140677022791 -109.29529661488604 
2021-06-09 15:55:55.166768 [47.106591167, 7.216801833] 247.12 0.0 (47.106653985807164, 7.216847330313385) 70.0 70.0 autonomous 26.24140677022791 -110.02129661488605 
2021-06-09 15:55:55.268431 [47.106591167, 7.216801833] 249.54 0.0 (47.106653985807164, 7.216847330313385) 70.0 70.0 autonomous 26.24140677022791 -111.10729661488604 
2021-06-09 15:55:55.370387 [47.106591167, 7.216801833] 251.91 0.0 (47.106653985807164, 7.216847330313385) 70.0 70.0 autonomous 26.24140677022791 -112.29729661488605 
2021-06-09 15:55:55.472246 [47.106591167, 7.216801833] 253.19 0.0 (47.106653985807164, 7.216847330313385) 70.0 70.0 autonomous 26.24140677022791 -113.04629661488605 
2021-06-09 15:55:55.573892 [47.106591167, 7.216801833] 252.19 0.0 (47.106653985807164, 7.216847330313385) 70.0 70.0 autonomous 26.24140677022791 -112.77429661488604 
2021-06-09 15:55:55.675575 [47.106591167, 7.216801833] 252.19 0.0 (47.106653985807164, 7.216847330313385) 70.0 70.0 autonomous 26.24140677022791 -112.67429661488605 
2021-06-09 15:55:55.777272 [47.106591167, 7.216801833] 249.97 0.0 (47.106634816925435, 7.21682989595479) 0 0 throttle 
2021-06-09 15:55:55.777740 [47.106591167, 7.216801833] 249.97 0.0 (47.106634816925435, 7.21682989595479) 70.0 70.0 throttle 
2021-06-09 15:55:55.778286 [47.106591167, 7.216801833] 249.97 0.0 (47.106634816925435, 7.21682989595479) 70.0 70.0 End autonomous drive 
