2021-06-13 10:42:19.193585 [47.106622333, 7.216912] 247.4 0.0 None 0 0 throttle 
2021-06-13 10:42:25.883582 [47.1066265, 7.216910667] 243.18 1.0650974254588925 None 0 0 throttle 
2021-06-13 10:42:58.448519 [47.106694167, 7.216830333] 300.82 0.0 None 0 0 Started autonomous drive 
2021-06-13 10:42:58.452085 [47.106694167, 7.216830333] 300.82 0.0 (47.106653985807164, 7.216847330313385) -68.0 23.0 turn_to_on_spot 163.93781744442958 -136.8821825555704 2 
2021-06-13 10:42:58.554637 [47.106694167, 7.216830333] 300.82 0.0 (47.106653985807164, 7.216847330313385) -68.0 23.0 turn_to_on_spot 163.93781744442958 -136.8821825555704 2 
2021-06-13 10:42:58.656918 [47.106694167, 7.216830333] 300.82 0.0 (47.106653985807164, 7.216847330313385) -68.0 23.0 turn_to_on_spot 163.93781744442958 -136.8821825555704 2 
2021-06-13 10:42:58.758971 [47.106694167, 7.216830333] 300.82 0.0 (47.106653985807164, 7.216847330313385) -68.0 23.0 turn_to_on_spot 163.93781744442958 -136.8821825555704 2 
2021-06-13 10:42:58.860611 [47.106694167, 7.216830333] 300.82 0.0 (47.106653985807164, 7.216847330313385) -68.0 23.0 turn_to_on_spot 163.93781744442958 -136.8821825555704 2 
2021-06-13 10:42:58.962361 [47.106694167, 7.216830333] 300.82 0.0 (47.106653985807164, 7.216847330313385) -68.0 23.0 turn_to_on_spot 163.93781744442958 -136.8821825555704 2 
2021-06-13 10:42:59.064042 [47.106694167, 7.216830333] 300.82 0.0 (47.106653985807164, 7.216847330313385) -68.0 23.0 turn_to_on_spot 163.93781744442958 -136.8821825555704 2 
2021-06-13 10:42:59.166136 [47.106694167, 7.216830333] 299.57 0.0 (47.106653985807164, 7.216847330313385) -67.0 22.0 turn_to_on_spot 163.93781744442958 -135.6321825555704 2 
2021-06-13 10:42:59.268530 [47.106694167, 7.216830333] 298.47 0.0 (47.106653985807164, 7.216847330313385) -67.0 22.0 turn_to_on_spot 163.93781744442958 -134.53218255557044 2 
2021-06-13 10:42:59.371010 [47.106695167, 7.216828333] 296.13 0.8488054771133434 (47.106653985807164, 7.216847330313385) -65.0 22.0 turn_to_on_spot 163.93781744442958 -132.1921825555704 2 
2021-06-13 10:42:59.473859 [47.106695167, 7.216828333] 295.02 0.8488054771133434 (47.106653985807164, 7.216847330313385) -65.0 22.0 turn_to_on_spot 163.93781744442958 -131.0821825555704 2 
2021-06-13 10:42:59.576285 [47.106695167, 7.216828333] 292.54 0.8488054771133434 (47.106653985807164, 7.216847330313385) -63.0 21.0 turn_to_on_spot 163.93781744442958 -128.60218255557044 2 
2021-06-13 10:42:59.679201 [47.106695167, 7.216828333] 290.14 0.8488054771133434 (47.106653985807164, 7.216847330313385) -62.0 21.0 turn_to_on_spot 163.93781744442958 -126.2021825555704 2 
2021-06-13 10:42:59.781113 [47.106695167, 7.216828333] 287.93 0.8488054771133434 (47.106653985807164, 7.216847330313385) -61.0 20.0 turn_to_on_spot 163.93781744442958 -123.99218255557042 2 
2021-06-13 10:42:59.883122 [47.106695167, 7.216828333] 284.35 0.8488054771133434 (47.106653985807164, 7.216847330313385) -59.0 20.0 turn_to_on_spot 163.93781744442958 -120.41218255557044 2 
2021-06-13 10:42:59.984792 [47.106695167, 7.216828333] 281.79 0.8488054771133434 (47.106653985807164, 7.216847330313385) -57.0 19.0 turn_to_on_spot 163.93781744442958 -117.85218255557044 2 
2021-06-13 10:43:00.087796 [47.106695167, 7.216828333] 278.63 0.8488054771133434 (47.106653985807164, 7.216847330313385) -56.0 19.0 turn_to_on_spot 163.93781744442958 -115.74218255557042 2 
2021-06-13 10:43:00.192279 [47.106695167, 7.216828333] 275.98 0.0 (47.106653985807164, 7.216847330313385) -55.0 18.0 turn_to_on_spot 163.93781744442958 -113.50218255557041 2 
2021-06-13 10:43:00.299478 [47.106695167, 7.216828333] 272.71 0.0 (47.106653985807164, 7.216847330313385) -53.0 18.0 turn_to_on_spot 163.93781744442958 -109.92218255557043 2 
2021-06-13 10:43:00.402427 [47.1066965, 7.216824333] 270.27 1.6036214267085975 (47.106653985807164, 7.216847330313385) -51.0 17.0 turn_to_on_spot 163.93781744442958 -106.3321825555704 2 
2021-06-13 10:43:00.506914 [47.1066965, 7.216824333] 266.34 1.6036214267085975 (47.106653985807164, 7.216847330313385) -50.0 17.0 turn_to_on_spot 163.93781744442958 -103.74218255557042 2 
2021-06-13 10:43:00.609460 [47.1066965, 7.216824333] 264.99 1.6036214267085975 (47.106653985807164, 7.216847330313385) -48.0 16.0 turn_to_on_spot 163.93781744442958 -101.05218255557043 2 
2021-06-13 10:43:00.711449 [47.1066965, 7.216824333] 264.99 1.6036214267085975 (47.106653985807164, 7.216847330313385) -48.0 16.0 turn_to_on_spot 163.93781744442958 -101.05218255557043 2 
2021-06-13 10:43:00.813190 [47.1066965, 7.216824333] 264.99 1.6036214267085975 (47.106653985807164, 7.216847330313385) -48.0 16.0 turn_to_on_spot 163.93781744442958 -101.05218255557043 2 
2021-06-13 10:43:00.914878 [47.1066965, 7.216824333] 254.23 1.6036214267085975 (47.106653985807164, 7.216847330313385) -42.0 14.0 turn_to_on_spot 163.93781744442958 -90.29218255557043 2 
2021-06-13 10:43:01.016699 [47.1066965, 7.216824333] 250.44 1.6036214267085975 (47.106653985807164, 7.216847330313385) -40.0 13.0 turn_to_on_spot 163.93781744442958 -86.50218255557041 2 
2021-06-13 10:43:01.118479 [47.1066965, 7.216824333] 246.75 1.6036214267085975 (47.106653985807164, 7.216847330313385) -38.0 13.0 turn_to_on_spot 163.93781744442958 -82.81218255557042 2 
2021-06-13 10:43:01.221406 [47.1066965, 7.216824333] 243.1 0.0 (47.106653985807164, 7.216847330313385) -36.0 12.0 turn_to_on_spot 163.93781744442958 -79.16218255557044 2 
2021-06-13 10:43:01.323762 [47.1066965, 7.216824333] 240.63 0.0 (47.106653985807164, 7.216847330313385) -35.0 12.0 turn_to_on_spot 163.93781744442958 -76.69218255557041 2 
2021-06-13 10:43:01.426399 [47.1066965, 7.216824333] 236.98 0.0 (47.106653985807164, 7.216847330313385) -33.0 11.0 turn_to_on_spot 163.93781744442958 -73.04218255557043 2 
2021-06-13 10:43:01.529879 [47.1066965, 7.216824333] 233.37 0.0 (47.106653985807164, 7.216847330313385) -31.0 10.0 turn_to_on_spot 163.93781744442958 -69.43218255557042 2 
2021-06-13 10:43:01.633708 [47.1066965, 7.216824333] 231.09 0.0 (47.106653985807164, 7.216847330313385) -29.0 10.0 turn_to_on_spot 163.93781744442958 -67.15218255557045 2 
2021-06-13 10:43:01.735488 [47.1066965, 7.216824333] 228.99 0.0 (47.106653985807164, 7.216847330313385) -28.0 9.0 turn_to_on_spot 163.93781744442958 -65.05218255557043 2 
2021-06-13 10:43:01.837137 [47.1066965, 7.216824333] 225.76 0.0 (47.106653985807164, 7.216847330313385) -26.0 9.0 turn_to_on_spot 163.93781744442958 -61.82218255557041 2 
2021-06-13 10:43:01.939092 [47.1066965, 7.216824333] 223.72 0.0 (47.106653985807164, 7.216847330313385) -25.0 8.0 turn_to_on_spot 163.93781744442958 -59.782182555570444 2 
2021-06-13 10:43:02.041170 [47.1066965, 7.216824333] 220.06 0.0 (47.106653985807164, 7.216847330313385) -23.0 8.0 turn_to_on_spot 163.93781744442958 -56.12218255557042 2 
2021-06-13 10:43:02.143445 [47.1066965, 7.216824333] 218.93 0.0 (47.106653985807164, 7.216847330313385) -23.0 8.0 turn_to_on_spot 163.93781744442958 -54.99218255557042 2 
2021-06-13 10:43:02.246310 [47.1066965, 7.216824333] 215.54 0.0 (47.106653985807164, 7.216847330313385) -21.0 7.0 turn_to_on_spot 163.93781744442958 -51.60218255557038 2 
2021-06-13 10:43:02.348912 [47.1066965, 7.2168225] 211.99 0.5737475813847289 (47.106653985807164, 7.216847330313385) -19.0 6.0 turn_to_on_spot 163.93781744442958 -48.052182555570425 2 
2021-06-13 10:43:02.451533 [47.1066965, 7.2168225] 209.42 0.5737475813847289 (47.106653985807164, 7.216847330313385) -17.0 6.0 turn_to_on_spot 163.93781744442958 -45.482182555570375 2 
2021-06-13 10:43:02.554567 [47.1066965, 7.2168225] 208.18 0.5737475813847289 (47.106653985807164, 7.216847330313385) -17.0 6.0 turn_to_on_spot 163.93781744442958 -44.24218255557042 2 
2021-06-13 10:43:02.657415 [47.1066965, 7.2168225] 205.57 0.5737475813847289 (47.106653985807164, 7.216847330313385) -15.0 5.0 turn_to_on_spot 163.93781744442958 -41.63218255557041 2 
2021-06-13 10:43:02.759368 [47.1066965, 7.2168225] 204.21 0.5737475813847289 (47.106653985807164, 7.216847330313385) -14.0 5.0 turn_to_on_spot 163.93781744442958 -40.27218255557045 2 
2021-06-13 10:43:02.861003 [47.1066965, 7.2168225] 201.51 0.5737475813847289 (47.106653985807164, 7.216847330313385) -13.0 4.0 turn_to_on_spot 163.93781744442958 -37.57218255557041 2 
2021-06-13 10:43:02.963627 [47.1066965, 7.2168225] 199.16 0.5737475813847289 (47.106653985807164, 7.216847330313385) -12.0 4.0 turn_to_on_spot 163.93781744442958 -35.222182555570384 2 
2021-06-13 10:43:03.065313 [47.1066965, 7.2168225] 196.74 0.5737475813847289 (47.106653985807164, 7.216847330313385) -10.0 3.0 turn_to_on_spot 163.93781744442958 -32.802182555570425 2 
2021-06-13 10:43:03.166940 [47.1066965, 7.2168225] 195.63 0.0 (47.106653985807164, 7.216847330313385) -10.0 3.0 turn_to_on_spot 163.93781744442958 -31.69218255557041 2 
2021-06-13 10:43:03.268898 [47.1066965, 7.2168225] 192.12 0.0 (47.106653985807164, 7.216847330313385) -8.0 3.0 turn_to_on_spot 163.93781744442958 -28.18218255557042 2 
2021-06-13 10:43:03.371425 [47.1066965, 7.216821667] 191.0 0.35959656413118846 (47.106653985807164, 7.216847330313385) -7.0 2.0 turn_to_on_spot 163.93781744442958 -27.062182555570416 2 
2021-06-13 10:43:03.475501 [47.1066965, 7.216821667] 188.85 0.35959656413118846 (47.106653985807164, 7.216847330313385) -6.0 2.0 turn_to_on_spot 163.93781744442958 -24.91218255557044 2 
2021-06-13 10:43:03.580123 [47.1066965, 7.216821667] 187.56 0.35959656413118846 (47.106653985807164, 7.216847330313385) -5.0 2.0 turn_to_on_spot 163.93781744442958 -23.62218255557036 2 
2021-06-13 10:43:03.683024 [47.1066965, 7.216821667] 186.38 0.35959656413118846 (47.106653985807164, 7.216847330313385) -4.0 1.0 turn_to_on_spot 163.93781744442958 -22.44218255557041 2 
2021-06-13 10:43:03.784934 [47.1066965, 7.216821667] 184.17 0.35959656413118846 (47.106653985807164, 7.216847330313385) -3.0 1.0 turn_to_on_spot 163.93781744442958 -20.232182555570375 2 
2021-06-13 10:43:03.886591 [47.1066965, 7.216821667] 183.14 0.35959656413118846 (47.106653985807164, 7.216847330313385) -3.0 1.0 turn_to_on_spot 163.93781744442958 -19.202182555570403 2 
2021-06-13 10:43:03.988281 [47.1066965, 7.216821667] 182.11 0.35959656413118846 (47.106653985807164, 7.216847330313385) -2.0 1.0 turn_to_on_spot 163.93781744442958 -18.17218255557043 2 
2021-06-13 10:43:04.089896 [47.1066965, 7.216821667] 181.06 0.35959656413118846 (47.106653985807164, 7.216847330313385) -2.0 1.0 turn_to_on_spot 163.93781744442958 -17.12218255557036 2 
2021-06-13 10:43:04.192122 [47.1066965, 7.216821667] 181.06 0.35959656413118846 (47.106653985807164, 7.216847330313385) -2.0 1.0 turn_to_on_spot 163.93781744442958 -17.12218255557036 2 
2021-06-13 10:43:04.294211 [47.1066965, 7.216821667] 178.92 0.0 (47.106653985807164, 7.216847330313385) 0.0 -0.0 turn_to_on_spot 163.93781744442958 -14.982182555570375 2 
2021-06-13 10:43:04.396596 [47.1066965, 7.216821667] 178.92 0.0 (47.106653985807164, 7.216847330313385) 0.0 -0.0 turn_to_on_spot 163.93781744442958 -14.982182555570375 2 
2021-06-13 10:43:04.499456 [47.1066965, 7.216821667] 177.9 0.0 (47.106653985807164, 7.216847330313385) 0.0 -0.0 turn_to_on_spot 163.93781744442958 -13.962182555570394 2 
2021-06-13 10:43:04.602030 [47.1066965, 7.216820833] 174.72 0.23950844619292752 (47.106653985807164, 7.216847330313385) 1.0 -2.0 turn_to_on_spot 163.93781744442958 -10.782182555570444 2 
2021-06-13 10:43:04.703669 [47.1066965, 7.216820833] 173.53 0.23950844619292752 (47.106653985807164, 7.216847330313385) 1.0 -3.0 turn_to_on_spot 163.93781744442958 -9.592182555570389 2 
2021-06-13 10:43:04.805447 [47.1066965, 7.216820833] 173.53 0.23950844619292752 (47.106653985807164, 7.216847330313385) 1.0 -3.0 turn_to_on_spot 163.93781744442958 -9.592182555570389 2 
2021-06-13 10:43:04.907072 [47.1066965, 7.216820833] 171.45 0.23950844619292752 (47.106653985807164, 7.216847330313385) 1.0 -4.0 turn_to_on_spot 163.93781744442958 -7.512182555570462 2 
2021-06-13 10:43:05.008755 [47.1066965, 7.216820833] 171.45 0.23950844619292752 (47.106653985807164, 7.216847330313385) 1.0 -4.0 turn_to_on_spot 163.93781744442958 -7.512182555570462 2 
2021-06-13 10:43:05.110409 [47.1066965, 7.216820833] 170.27 0.0 (47.106653985807164, 7.216847330313385) 1.0 -4.0 turn_to_on_spot 163.93781744442958 -6.332182555570398 2 
2021-06-13 10:43:05.212406 [47.1066965, 7.216820833] 169.09 0.0 (47.106653985807164, 7.216847330313385) 2.0 -5.0 turn_to_on_spot 163.93781744442958 -5.152182555570448 2 
2021-06-13 10:43:05.315199 [47.1066965, 7.216820833] 167.91 0.0 (47.106653985807164, 7.216847330313385) 2.0 -6.0 turn_to_on_spot 163.93781744442958 -3.9721825555703845 1.9 
2021-06-13 10:43:05.418154 [47.106696667, 7.216820667] 166.77 0.07419494018171986 (47.106653985807164, 7.216847330313385) 2.0 -6.0 turn_to_on_spot 163.93781744442958 -2.832182555570398 1.8 
2021-06-13 10:43:05.520913 [47.106696667, 7.216820667] 166.77 0.07419494018171986 (47.106653985807164, 7.216847330313385) 2.0 -6.0 turn_to_on_spot 163.93781744442958 -2.832182555570398 1.7 
2021-06-13 10:43:05.624107 [47.106696667, 7.216820667] 165.71 0.07419494018171986 (47.106653985807164, 7.216847330313385) 2.0 -7.0 turn_to_on_spot 163.93781744442958 -1.7721825555704527 1.6 
2021-06-13 10:43:05.725888 [47.106696667, 7.216820667] 165.71 0.07419494018171986 (47.106653985807164, 7.216847330313385) 2.0 -7.0 turn_to_on_spot 163.93781744442958 -1.7721825555704527 1.5 
2021-06-13 10:43:05.827659 [47.106696667, 7.216820667] 164.69 0.07419494018171986 (47.106653985807164, 7.216847330313385) 3.0 -8.0 turn_to_on_spot 163.93781744442958 -0.7521825555704709 1.4 
2021-06-13 10:43:05.930683 [47.106696667, 7.216820667] 163.55 0.07419494018171986 (47.106653985807164, 7.216847330313385) 3.0 -8.0 turn_to_on_spot 163.93781744442958 -0.7521825555704709 1.3 
2021-06-13 10:43:06.032574 [47.106696667, 7.216820667] 163.55 0.07419494018171986 (47.106653985807164, 7.216847330313385) 3.0 -8.0 turn_to_on_spot 163.93781744442958 0.3878174444296292 1.2000000000000002 
2021-06-13 10:43:06.135096 [47.106696667, 7.216820667] 163.55 0.0 (47.106653985807164, 7.216847330313385) 3.0 -8.0 turn_to_on_spot 163.93781744442958 0.3878174444296292 1.1 
2021-06-13 10:43:06.237683 [47.106696667, 7.216820667] 162.53 0.0 (47.106653985807164, 7.216847330313385) 3.0 -9.0 turn_to_on_spot 163.93781744442958 1.407817444429611 1.0 
2021-06-13 10:43:06.339978 [47.106696667, 7.216820667] 162.53 0.0 (47.106653985807164, 7.216847330313385) 3.0 -9.0 turn_to_on_spot 163.93781744442958 1.407817444429611 0.9000000000000001 
2021-06-13 10:43:06.442412 [47.106696667, 7.216820667] 162.53 0.0 (47.106653985807164, 7.216847330313385) 3.0 -9.0 turn_to_on_spot 163.93781744442958 1.407817444429611 0.8 
2021-06-13 10:43:06.544785 [47.106696667, 7.216820667] 162.53 0.0 (47.106653985807164, 7.216847330313385) 3.0 -9.0 turn_to_on_spot 163.93781744442958 1.407817444429611 0.7 
2021-06-13 10:43:06.646838 [47.106696667, 7.216820667] 162.53 0.0 (47.106653985807164, 7.216847330313385) 3.0 -9.0 turn_to_on_spot 163.93781744442958 1.407817444429611 0.5999999999999999 
2021-06-13 10:43:06.748658 [47.106697, 7.216820333] 162.53 0.07880624040157329 (47.106653985807164, 7.216847330313385) 3.0 -9.0 turn_to_on_spot 163.93781744442958 1.407817444429611 0.4999999999999998 
2021-06-13 10:43:06.850391 [47.106697, 7.216820333] 162.53 0.07880624040157329 (47.106653985807164, 7.216847330313385) 3.0 -9.0 turn_to_on_spot 163.93781744442958 1.407817444429611 0.3999999999999997 
2021-06-13 10:43:06.952070 [47.106697, 7.216820333] 162.53 0.07880624040157329 (47.106653985807164, 7.216847330313385) 3.0 -9.0 turn_to_on_spot 163.93781744442958 1.407817444429611 0.2999999999999996 
2021-06-13 10:43:07.053696 [47.106697, 7.216820333] 162.53 0.07880624040157329 (47.106653985807164, 7.216847330313385) 3.0 -9.0 turn_to_on_spot 163.93781744442958 1.407817444429611 0.1999999999999995 
2021-06-13 10:43:07.155343 [47.106697, 7.216820333] 162.53 0.0 (47.106653985807164, 7.216847330313385) 3.0 -9.0 turn_to_on_spot 163.93781744442958 1.407817444429611 0.09999999999999942 
2021-06-13 10:43:07.256909 [47.106697, 7.216820333] 162.53 0.0 (47.106653985807164, 7.216847330313385) 0 0 throttle 
2021-06-13 10:43:07.258016 [47.106697, 7.216820333] 162.53 0.0 (47.106653985807164, 7.216847330313385) 70 70 throttle 
2021-06-13 10:43:07.270994 [47.106697, 7.216820333] 162.53 0.0 (47.106653985807164, 7.216847330313385) 61.0 70 turn_to 160.32189470812892 -2.2081052918711066 
2021-06-13 10:43:07.372633 [47.106697, 7.216820333] 162.53 0.0 (47.106653985807164, 7.216847330313385) 61.0 70 turn_to 160.32189470812892 -2.2081052918711066 
2021-06-13 10:43:07.474063 [47.1066975, 7.216819333] 162.53 0.3222105355694522 (47.106653985807164, 7.216847330313385) 61.0 70 turn_to 160.32189470812892 -2.2081052918711066 
2021-06-13 10:43:07.575790 [47.1066975, 7.216819333] 163.56 0.3222105355694522 (47.106653985807164, 7.216847330313385) 61.0 70 turn_to 160.32189470812892 -3.2381052918710793 
2021-06-13 10:43:07.677095 [47.1066975, 7.216819333] 163.56 0.3222105355694522 (47.106653985807164, 7.216847330313385) 61.0 70 turn_to 160.32189470812892 -3.2381052918710793 
2021-06-13 10:43:07.778376 [47.1066975, 7.216819333] 163.56 0.3222105355694522 (47.106653985807164, 7.216847330313385) 61.0 70 turn_to 160.32189470812892 -3.2381052918710793 
2021-06-13 10:43:07.879515 [47.1066975, 7.216819333] 163.56 0.3222105355694522 (47.106653985807164, 7.216847330313385) 61.0 70 turn_to 160.32189470812892 -3.2381052918710793 
2021-06-13 10:43:07.980660 [47.1066975, 7.216819333] 163.56 0.3222105355694522 (47.106653985807164, 7.216847330313385) 61.0 70 turn_to 160.32189470812892 -3.2381052918710793 
2021-06-13 10:43:08.081971 [47.1066975, 7.216819333] 164.57 0.3222105355694522 (47.106653985807164, 7.216847330313385) 60.0 70 turn_to 160.32189470812892 -4.24810529187107 
2021-06-13 10:43:08.183403 [47.1066975, 7.216819333] 164.57 0.0 (47.106653985807164, 7.216847330313385) 60.0 70 turn_to 160.32189470812892 -4.24810529187107 
2021-06-13 10:43:08.284811 [47.1066975, 7.216819333] 164.57 0.0 (47.106653985807164, 7.216847330313385) 60.0 70 turn_to 160.32189470812892 -4.24810529187107 
2021-06-13 10:43:08.386229 [47.1066975, 7.216819333] 164.57 0.0 (47.106653985807164, 7.216847330313385) 60.0 70 turn_to 160.32189470812892 -4.24810529187107 
2021-06-13 10:43:08.487530 [47.1066975, 7.216819167] 164.57 0.04439251228925363 (47.106653985807164, 7.216847330313385) 60.0 70 turn_to 160.32189470812892 -4.24810529187107 
2021-06-13 10:43:08.588944 [47.1066975, 7.216819167] 164.57 0.04439251228925363 (47.106653985807164, 7.216847330313385) 60.0 70 turn_to 160.32189470812892 -4.24810529187107 
2021-06-13 10:43:08.690215 [47.1066975, 7.216819167] 163.5 0.04439251228925363 (47.106653985807164, 7.216847330313385) 61.0 70 turn_to 160.32189470812892 -3.178105291871134 
2021-06-13 10:43:08.791457 [47.1066975, 7.216819167] 163.5 0.04439251228925363 (47.106653985807164, 7.216847330313385) 61.0 70 turn_to 160.32189470812892 -3.178105291871134 
2021-06-13 10:43:08.892582 [47.1066975, 7.216819167] 163.5 0.04439251228925363 (47.106653985807164, 7.216847330313385) 61.0 70 turn_to 160.32189470812892 -3.178105291871134 
2021-06-13 10:43:08.993694 [47.1066975, 7.216819167] 163.5 0.04439251228925363 (47.106653985807164, 7.216847330313385) 61.0 70 turn_to 160.32189470812892 -3.178105291871134 
2021-06-13 10:43:09.094892 [47.1066975, 7.216819167] 163.5 0.04439251228925363 (47.106653985807164, 7.216847330313385) 61.0 70 turn_to 160.32189470812892 -3.178105291871134 
2021-06-13 10:43:09.196722 [47.1066975, 7.216819167] 163.5 0.0 (47.106653985807164, 7.216847330313385) 61.0 70 turn_to 160.32189470812892 -3.178105291871134 
2021-06-13 10:43:09.298342 [47.1066975, 7.216819167] 162.44 0.0 (47.106653985807164, 7.216847330313385) 61.0 70 turn_to 160.32189470812892 -2.1181052918710748 
2021-06-13 10:43:09.401166 [47.1066975, 7.216819167] 162.44 0.0 (47.106653985807164, 7.216847330313385) 61.0 70 turn_to 160.32189470812892 -2.1181052918710748 
2021-06-13 10:43:09.502788 [47.1066975, 7.216819167] 162.44 0.0 (47.106653985807164, 7.216847330313385) 61.0 70 turn_to 160.32189470812892 -2.1181052918710748 
2021-06-13 10:43:09.604377 [47.1066975, 7.216819167] 162.44 0.0 (47.106653985807164, 7.216847330313385) 61.0 70 turn_to 160.32189470812892 -2.1181052918710748 
2021-06-13 10:43:09.706041 [47.106696167, 7.216819167] 162.44 0.2815614570856412 (47.106653985807164, 7.216847330313385) 61.0 70 turn_to 160.32189470812892 -2.1181052918710748 
2021-06-13 10:43:09.807813 [47.106696167, 7.216819167] 162.44 0.2815614570856412 (47.106653985807164, 7.216847330313385) 61.0 70 turn_to 160.32189470812892 -2.1181052918710748 
2021-06-13 10:43:09.909039 [47.106696167, 7.216819167] 162.44 0.2815614570856412 (47.106653985807164, 7.216847330313385) 61.0 70 turn_to 160.32189470812892 -2.1181052918710748 
2021-06-13 10:43:10.010210 [47.106696167, 7.216819167] 162.44 0.2815614570856412 (47.106653985807164, 7.216847330313385) 61.0 70 turn_to 160.32189470812892 -2.1181052918710748 
2021-06-13 10:43:10.112917 [47.106696167, 7.216819167] 162.44 0.2815614570856412 (47.106653985807164, 7.216847330313385) 61.0 70 turn_to 160.32189470812892 -2.1181052918710748 
2021-06-13 10:43:10.215377 [47.106696167, 7.216819167] 162.44 0.0 (47.106653985807164, 7.216847330313385) 61.0 70 turn_to 160.32189470812892 -2.1181052918710748 
2021-06-13 10:43:10.316866 [47.106696167, 7.216819167] 162.44 0.0 (47.106653985807164, 7.216847330313385) 61.0 70 turn_to 160.32189470812892 -2.1181052918710748 
2021-06-13 10:43:10.418521 [47.106693167, 7.216819833] 162.44 1.5982884248459128 (47.106653985807164, 7.216847330313385) 61.0 70 turn_to 160.32189470812892 -2.1181052918710748 
2021-06-13 10:43:10.520342 [47.106693167, 7.216819833] 163.47 1.5982884248459128 (47.106653985807164, 7.216847330313385) 61.0 70 turn_to 160.32189470812892 -3.1481052918710475 
2021-06-13 10:43:10.621670 [47.106693167, 7.216819833] 163.47 1.5982884248459128 (47.106653985807164, 7.216847330313385) 61.0 70 turn_to 160.32189470812892 -3.1481052918710475 
2021-06-13 10:43:10.723242 [47.106693167, 7.216819833] 163.47 1.5982884248459128 (47.106653985807164, 7.216847330313385) 61.0 70 turn_to 160.32189470812892 -3.1481052918710475 
2021-06-13 10:43:10.824480 [47.106693167, 7.216819833] 163.47 1.5982884248459128 (47.106653985807164, 7.216847330313385) 61.0 70 turn_to 160.32189470812892 -3.1481052918710475 
2021-06-13 10:43:10.925611 [47.106693167, 7.216819833] 163.47 1.5982884248459128 (47.106653985807164, 7.216847330313385) 61.0 70 turn_to 160.32189470812892 -3.1481052918710475 
2021-06-13 10:43:11.026975 [47.106693167, 7.216819833] 163.47 1.5982884248459128 (47.106653985807164, 7.216847330313385) 61.0 70 turn_to 160.32189470812892 -3.1481052918710475 
2021-06-13 10:43:11.128619 [47.106693167, 7.216819833] 163.47 0.0 (47.106653985807164, 7.216847330313385) 61.0 70 turn_to 160.32189470812892 -3.1481052918710475 
2021-06-13 10:43:11.231088 [47.106693167, 7.216819833] 163.47 0.0 (47.106653985807164, 7.216847330313385) 61.0 70 turn_to 160.32189470812892 -3.1481052918710475 
2021-06-13 10:43:11.332919 [47.106693167, 7.216819833] 163.47 0.0 (47.106653985807164, 7.216847330313385) 61.0 70 turn_to 160.32189470812892 -3.1481052918710475 
2021-06-13 10:43:11.434851 [47.106673167, 7.2168255] 163.47 9.360365166402902 (47.106653985807164, 7.216847330313385) 61.0 70 turn_to 160.32189470812892 -3.1481052918710475 
2021-06-13 10:43:11.536418 [47.106673167, 7.2168255] 163.47 9.360365166402902 (47.106653985807164, 7.216847330313385) 61.0 70 turn_to 160.32189470812892 -3.1481052918710475 
2021-06-13 10:43:11.639189 [47.106673167, 7.2168255] 163.47 9.360365166402902 (47.106653985807164, 7.216847330313385) 61.0 70 turn_to 160.32189470812892 -3.1481052918710475 
2021-06-13 10:43:11.740915 [47.106673167, 7.2168255] 163.47 9.360365166402902 (47.106653985807164, 7.216847330313385) 61.0 70 turn_to 160.32189470812892 -3.1481052918710475 
2021-06-13 10:43:11.842238 [47.106673167, 7.2168255] 163.47 9.360365166402902 (47.106653985807164, 7.216847330313385) 61.0 70 turn_to 160.32189470812892 -3.1481052918710475 
2021-06-13 10:43:11.943481 [47.106673167, 7.2168255] 163.47 9.360365166402902 (47.106653985807164, 7.216847330313385) 61.0 70 turn_to 160.32189470812892 -3.1481052918710475 
2021-06-13 10:43:12.044843 [47.106673167, 7.2168255] 163.47 9.360365166402902 (47.106653985807164, 7.216847330313385) 61.0 70 turn_to 160.32189470812892 -3.1481052918710475 
2021-06-13 10:43:12.147036 [47.106669, 7.216826833] 163.47 11.729780955242866 (47.106653985807164, 7.216847330313385) 61.0 70 turn_to 160.32189470812892 -3.1481052918710475 
2021-06-13 10:43:12.248676 [47.106669, 7.216826833] 162.41 11.729780955242866 (47.106653985807164, 7.216847330313385) 61.0 70 turn_to 160.32189470812892 -2.088105291871102 
2021-06-13 10:43:12.350327 [47.106669, 7.216826833] 162.41 11.729780955242866 (47.106653985807164, 7.216847330313385) 61.0 70 turn_to 160.32189470812892 -2.088105291871102 
2021-06-13 10:43:12.452115 [47.106669, 7.216826833] 161.35 11.729780955242866 (47.106653985807164, 7.216847330313385) 70 70 autonomous 156.86819155930493 -2.208105291871077 
2021-06-13 10:43:12.554610 [47.106669, 7.216826833] 161.35 11.729780955242866 (47.106653985807164, 7.216847330313385) 58.0 70 turn_to 151.27037367002234 -10.0796263299776 
2021-06-13 10:43:12.656218 [47.106669, 7.216826833] 161.35 11.729780955242866 (47.106653985807164, 7.216847330313385) 58.0 70 turn_to 151.27037367002234 -10.0796263299776 
2021-06-13 10:43:12.757494 [47.106669, 7.216826833] 161.35 11.729780955242866 (47.106653985807164, 7.216847330313385) 58.0 70 turn_to 151.27037367002234 -10.0796263299776 
2021-06-13 10:43:12.858667 [47.106669, 7.216826833] 161.35 11.729780955242866 (47.106653985807164, 7.216847330313385) 58.0 70 turn_to 151.27037367002234 -10.0796263299776 
2021-06-13 10:43:12.959726 [47.106669, 7.216826833] 161.35 11.729780955242866 (47.106653985807164, 7.216847330313385) 58.0 70 turn_to 151.27037367002234 -10.0796263299776 
2021-06-13 10:43:13.061105 [47.106669, 7.216826833] 161.35 11.729780955242866 (47.106653985807164, 7.216847330313385) 58.0 70 turn_to 151.27037367002234 -10.0796263299776 
2021-06-13 10:43:13.162370 [47.106669, 7.216826833] 161.35 0.0 (47.106653985807164, 7.216847330313385) 58.0 70 turn_to 151.27037367002234 -10.0796263299776 
2021-06-13 10:43:13.263768 [47.106669, 7.216826833] 161.35 0.0 (47.106653985807164, 7.216847330313385) 58.0 70 turn_to 151.27037367002234 -10.0796263299776 
2021-06-13 10:43:13.365268 [47.106669, 7.216826833] 160.34 0.0 (47.106653985807164, 7.216847330313385) 58.0 70 turn_to 151.27037367002234 -9.06962632997761 
2021-06-13 10:43:13.466718 [47.106669, 7.216826833] 160.34 0.0 (47.106653985807164, 7.216847330313385) 58.0 70 turn_to 151.27037367002234 -9.06962632997761 
2021-06-13 10:43:13.568289 [47.106669, 7.216826833] 160.34 0.0 (47.106653985807164, 7.216847330313385) 58.0 70 turn_to 151.27037367002234 -9.06962632997761 
2021-06-13 10:43:13.669617 [47.106669, 7.216826833] 159.3 0.0 (47.106653985807164, 7.216847330313385) 59.0 70 turn_to 151.27037367002234 -8.029626329977646 
2021-06-13 10:43:13.770919 [47.106664333, 7.216828167] 159.3 0.8809845693777008 (47.106653985807164, 7.216847330313385) 59.0 70 turn_to 151.27037367002234 -8.029626329977646 
2021-06-13 10:43:13.872233 [47.106664333, 7.216828167] 159.3 0.8809845693777008 (47.106653985807164, 7.216847330313385) 59.0 70 turn_to 151.27037367002234 -8.029626329977646 
2021-06-13 10:43:13.973477 [47.106664333, 7.216828167] 158.24 0.8809845693777008 (47.106653985807164, 7.216847330313385) 59.0 70 turn_to 151.27037367002234 -6.9696263299777 
2021-06-13 10:43:14.074724 [47.106664333, 7.216828167] 158.24 0.8809845693777008 (47.106653985807164, 7.216847330313385) 59.0 70 turn_to 151.27037367002234 -6.9696263299777 
2021-06-13 10:43:14.176583 [47.106664333, 7.216828167] 158.24 0.0 (47.106653985807164, 7.216847330313385) 59.0 70 turn_to 151.27037367002234 -6.9696263299777 
2021-06-13 10:43:14.277999 [47.106664333, 7.216828167] 158.24 0.0 (47.106653985807164, 7.216847330313385) 59.0 70 turn_to 151.27037367002234 -6.9696263299777 
2021-06-13 10:43:14.380143 [47.106664333, 7.216828167] 157.2 0.0 (47.106653985807164, 7.216847330313385) 60.0 70 turn_to 151.27037367002234 -5.929626329977623 
2021-06-13 10:43:14.482093 [47.106664333, 7.216828167] 157.2 0.0 (47.106653985807164, 7.216847330313385) 60.0 70 turn_to 151.27037367002234 -5.929626329977623 
2021-06-13 10:43:14.584108 [47.106664333, 7.216828167] 156.16 0.0 (47.106653985807164, 7.216847330313385) 60.0 70 turn_to 151.27037367002234 -4.889626329977659 
2021-06-13 10:43:14.685797 [47.106664333, 7.216828167] 155.08 0.0 (47.106653985807164, 7.216847330313385) 61.0 70 turn_to 151.27037367002234 -3.8096263299776183 
2021-06-13 10:43:14.787108 [47.106664333, 7.216828167] 155.08 0.0 (47.106653985807164, 7.216847330313385) 61.0 70 turn_to 151.27037367002234 -3.8096263299776183 
2021-06-13 10:43:14.888250 [47.106664333, 7.216828167] 153.96 0.0 (47.106653985807164, 7.216847330313385) 61.0 70 turn_to 151.27037367002234 -2.6896263299777274 
2021-06-13 10:43:14.989372 [47.106664333, 7.216828167] 153.96 0.0 (47.106653985807164, 7.216847330313385) 61.0 70 turn_to 151.27037367002234 -2.6896263299777274 
2021-06-13 10:43:15.090655 [47.106664333, 7.216828167] 153.96 0.0 (47.106653985807164, 7.216847330313385) 61.0 70 turn_to 151.27037367002234 -2.6896263299777274 
2021-06-13 10:43:15.192122 [47.106664333, 7.216828167] 151.8 0.0 (47.106653985807164, 7.216847330313385) 70 70 autonomous 137.10172461153536 -10.079626329977666 
2021-06-13 10:43:15.294139 [47.106664333, 7.216828167] 150.66 0.0 (47.106653985807164, 7.216847330313385) 58.0 70 turn_to 139.37763614049024 -11.282363859509815 
2021-06-13 10:43:15.395719 [47.106664333, 7.216828167] 149.51 0.0 (47.106653985807164, 7.216847330313385) 58.0 70 turn_to 139.37763614049024 -10.132363859509724 
2021-06-13 10:43:15.497747 [47.1066385, 7.216839667] 148.4 10.497979933845224 (47.106653985807164, 7.216847330313385) 58.0 70 turn_to 139.37763614049024 -9.022363859509824 
2021-06-13 10:43:15.599470 [47.1066385, 7.216839667] 148.4 10.497979933845224 (47.106653985807164, 7.216847330313385) 58.0 70 turn_to 139.37763614049024 -9.022363859509824 
2021-06-13 10:43:15.701272 [47.1066385, 7.216839667] 147.31 10.497979933845224 (47.106653985807164, 7.216847330313385) 59.0 70 turn_to 139.37763614049024 -7.932363859509792 
2021-06-13 10:43:15.802542 [47.1066385, 7.216839667] 146.27 10.497979933845224 (47.106653985807164, 7.216847330313385) 59.0 70 turn_to 139.37763614049024 -6.8923638595097145 
2021-06-13 10:43:15.903832 [47.1066385, 7.216839667] 145.15 10.497979933845224 (47.106653985807164, 7.216847330313385) 60.0 70 turn_to 139.37763614049024 -5.772363859509824 
2021-06-13 10:43:16.005078 [47.1066385, 7.216839667] 143.98 10.497979933845224 (47.106653985807164, 7.216847330313385) 60.0 70 turn_to 139.37763614049024 -4.602363859509751 
2021-06-13 10:43:16.106210 [47.1066385, 7.216839667] 143.98 0.0 (47.106653985807164, 7.216847330313385) 60.0 70 turn_to 139.37763614049024 -4.602363859509751 
2021-06-13 10:43:16.207568 [47.106634167, 7.2168425] 142.84 13.23319889650577 (47.106653985807164, 7.216847330313385) 61.0 70 turn_to 139.37763614049024 -3.4623638595097646 
2021-06-13 10:43:16.309262 [47.106634167, 7.2168425] 141.75 13.23319889650577 (47.106653985807164, 7.216847330313385) 61.0 70 turn_to 139.37763614049024 -2.3723638595097327 
2021-06-13 10:43:16.410752 [47.106634167, 7.2168425] 140.62 13.23319889650577 (47.106653985807164, 7.216847330313385) 70 70 autonomous 128.42494448413947 -11.282363859509763 
2021-06-13 10:43:17.013274 [47.106634167, 7.2168425] 137.43 13.23319889650577 (47.106653985807164, 7.216847330313385) 100 100 halt 2 
2021-06-13 10:43:17.114402 [47.106634167, 7.2168425] 136.4 13.23319889650577 (47.106653985807164, 7.216847330313385) 100 100 halt 2 
2021-06-13 10:43:17.215864 [47.106634167, 7.2168425] 136.4 0.0 (47.106653985807164, 7.216847330313385) 0.0 0.0 halt 1.9 
2021-06-13 10:43:17.317215 [47.106634167, 7.2168425] 135.36 0.0 (47.106653985807164, 7.216847330313385) 0.0 0.0 halt 1.8 
2021-06-13 10:43:17.420746 [47.106634167, 7.2168425] 134.35 0.0 (47.106653985807164, 7.216847330313385) 0.0 0.0 halt 1.7 
2021-06-13 10:43:17.522995 [47.106634167, 7.2168425] 134.35 0.0 (47.106653985807164, 7.216847330313385) 0.0 0.0 halt 1.6 
2021-06-13 10:43:17.624467 [47.106634167, 7.2168425] 133.29 0.0 (47.106653985807164, 7.216847330313385) 0.0 0.0 halt 1.5 
2021-06-13 10:43:17.725748 [47.106634167, 7.2168425] 133.29 0.0 (47.106653985807164, 7.216847330313385) 0.0 0.0 halt 1.4 
2021-06-13 10:43:17.826867 [47.106634167, 7.2168425] 133.29 0.0 (47.106653985807164, 7.216847330313385) 0.0 0.0 halt 1.3 
2021-06-13 10:43:17.927998 [47.106634167, 7.2168425] 132.25 0.0 (47.106653985807164, 7.216847330313385) 0.0 0.0 halt 1.2000000000000002 
2021-06-13 10:43:18.029316 [47.106634167, 7.2168425] 132.25 0.0 (47.106653985807164, 7.216847330313385) 0.0 0.0 halt 1.1 
2021-06-13 10:43:18.130597 [47.106634167, 7.2168425] 132.25 0.0 (47.106653985807164, 7.216847330313385) 0.0 0.0 halt 1.0 
2021-06-13 10:43:18.232320 [47.1066265, 7.216849667] 131.16 26.148376141649745 (47.106653985807164, 7.216847330313385) 100 100 halt 2 
2021-06-13 10:43:18.333609 [47.1066265, 7.216849667] 130.08 26.148376141649745 (47.106653985807164, 7.216847330313385) 100 100 halt 2 
2021-06-13 10:43:18.435306 [47.1066265, 7.216849667] 130.08 26.148376141649745 (47.106653985807164, 7.216847330313385) 100 100 halt 2 
2021-06-13 10:43:18.536685 [47.1066265, 7.216849667] 128.98 26.148376141649745 (47.106653985807164, 7.216847330313385) 100 100 halt 2 
2021-06-13 10:43:18.638024 [47.1066265, 7.216849667] 128.98 26.148376141649745 (47.106653985807164, 7.216847330313385) 100 100 halt 2 
2021-06-13 10:43:18.739139 [47.1066265, 7.216849667] 128.98 26.148376141649745 (47.106653985807164, 7.216847330313385) 100 100 halt 2 
2021-06-13 10:43:18.840109 [47.1066265, 7.216849667] 128.98 26.148376141649745 (47.106653985807164, 7.216847330313385) 100 100 halt 2 
2021-06-13 10:43:18.943319 [47.1066265, 7.216849667] 127.96 26.148376141649745 (47.106653985807164, 7.216847330313385) 100 100 halt 2 
2021-06-13 10:43:19.044434 [47.1066265, 7.216849667] 126.74 26.148376141649745 (47.106653985807164, 7.216847330313385) 100 100 halt 2 
2021-06-13 10:43:19.145724 [47.1066265, 7.216849667] 125.37 0.0 (47.106653985807164, 7.216847330313385) 0.0 0.0 halt 1.9 
2021-06-13 10:43:19.247278 [47.1066265, 7.216849667] 121.87 0.0 (47.106653985807164, 7.216847330313385) 0.0 0.0 halt 1.8 
2021-06-13 10:43:19.348824 [47.1066265, 7.216849667] 119.82 0.0 (47.106653985807164, 7.216847330313385) 0.0 0.0 halt 1.7 
2021-06-13 10:43:19.450328 [47.106617167, 7.216861167] 117.31 5.757244864892123 (47.106653985807164, 7.216847330313385) 100 100 halt 2 
2021-06-13 10:43:19.551815 [47.106617167, 7.216861167] 114.71 5.757244864892123 (47.106653985807164, 7.216847330313385) 100 100 halt 2 
2021-06-13 10:43:19.653541 [47.106617167, 7.216861167] 112.34 5.757244864892123 (47.106653985807164, 7.216847330313385) 100 100 halt 2 
2021-06-13 10:43:19.754839 [47.106617167, 7.216861167] 111.29 5.757244864892123 (47.106653985807164, 7.216847330313385) 100 100 halt 2 
2021-06-13 10:43:19.855949 [47.106617167, 7.216861167] 109.26 5.757244864892123 (47.106653985807164, 7.216847330313385) 100 100 halt 2 
2021-06-13 10:43:19.956992 [47.106617167, 7.216861167] 108.08 5.757244864892123 (47.106653985807164, 7.216847330313385) 100 100 halt 2 
2021-06-13 10:43:20.058031 [47.106617167, 7.216861167] 106.93 5.757244864892123 (47.106653985807164, 7.216847330313385) 100 100 halt 2 
2021-06-13 10:43:20.159338 [47.106617, 7.2168615] 106.93 0.0 (47.106653985807164, 7.216847330313385) 0.0 0.0 halt 1.9 
2021-06-13 10:43:20.260531 [47.106617, 7.2168615] 105.78 0.0 (47.106653985807164, 7.216847330313385) 0.0 0.0 halt 1.8 
2021-06-13 10:43:20.361705 [47.106617, 7.2168615] 104.78 0.0 (47.106653985807164, 7.216847330313385) 0.0 0.0 halt 1.7 
2021-06-13 10:43:20.463357 [47.106617, 7.2168615] 104.78 0.0 (47.106653985807164, 7.216847330313385) 0.0 0.0 halt 1.6 
2021-06-13 10:43:20.564852 [47.106617, 7.2168615] 104.78 0.0 (47.106653985807164, 7.216847330313385) 0.0 0.0 halt 1.5 
2021-06-13 10:43:20.666528 [47.106617, 7.2168615] 103.75 0.0 (47.106653985807164, 7.216847330313385) 0.0 0.0 halt 1.4 
2021-06-13 10:43:20.767868 [47.106617, 7.2168615] 103.75 0.0 (47.106653985807164, 7.216847330313385) 0.0 0.0 halt 1.3 
2021-06-13 10:43:20.868947 [47.106617, 7.2168615] 103.75 0.0 (47.106653985807164, 7.216847330313385) 0.0 0.0 halt 1.2000000000000002 
2021-06-13 10:43:20.970108 [47.106617, 7.2168615] 103.75 0.0 (47.106653985807164, 7.216847330313385) 0.0 0.0 halt 1.1 
2021-06-13 10:43:21.071271 [47.106617, 7.2168615] 102.74 0.0 (47.106653985807164, 7.216847330313385) 0.0 0.0 halt 1.0 
2021-06-13 10:43:21.172741 [47.106617, 7.2168615] 102.74 0.0 (47.106653985807164, 7.216847330313385) 0.0 0.0 halt 0.9000000000000001 
2021-06-13 10:43:21.274217 [47.106617, 7.2168615] 102.74 0.0 (47.106653985807164, 7.216847330313385) 0.0 0.0 halt 0.8 
2021-06-13 10:43:21.375852 [47.106616667, 7.216861] 102.74 0.3208188906207962 (47.106653985807164, 7.216847330313385) 16.0 16.0 halt 2 
2021-06-13 10:43:21.477304 [47.106616667, 7.216861] 102.74 0.3208188906207962 (47.106653985807164, 7.216847330313385) 16.0 16.0 halt 2 
2021-06-13 10:43:21.579028 [47.106616667, 7.216861] 102.74 0.3208188906207962 (47.106653985807164, 7.216847330313385) 16.0 16.0 halt 2 
2021-06-13 10:43:21.680400 [47.106616667, 7.216861] 101.61 0.3208188906207962 (47.106653985807164, 7.216847330313385) 16.0 16.0 halt 2 
2021-06-13 10:43:21.781734 [47.106616667, 7.216861] 100.46 0.3208188906207962 (47.106653985807164, 7.216847330313385) 16.0 16.0 halt 2 
2021-06-13 10:43:21.883013 [47.106616667, 7.216861] 99.32 0.3208188906207962 (47.106653985807164, 7.216847330313385) 16.0 16.0 halt 2 
2021-06-13 10:43:21.984295 [47.106616667, 7.216861] 98.28 0.3208188906207962 (47.106653985807164, 7.216847330313385) 16.0 16.0 halt 2 
2021-06-13 10:43:22.085539 [47.106616667, 7.216861] 97.06 0.3208188906207962 (47.106653985807164, 7.216847330313385) 16.0 16.0 halt 2 
2021-06-13 10:43:22.186966 [47.106616667, 7.216860833] 95.99 0.36611192196823394 (47.106653985807164, 7.216847330313385) 18.0 18.0 halt 2 
2021-06-13 10:43:22.288483 [47.106616667, 7.216860833] 94.88 0.36611192196823394 (47.106653985807164, 7.216847330313385) 18.0 18.0 halt 2 
2021-06-13 10:43:22.390018 [47.106616667, 7.216860833] 93.85 0.36611192196823394 (47.106653985807164, 7.216847330313385) 18.0 18.0 halt 2 
2021-06-13 10:43:22.491661 [47.106616667, 7.216860833] 92.85 0.36611192196823394 (47.106653985807164, 7.216847330313385) 18.0 18.0 halt 2 
2021-06-13 10:43:22.593292 [47.106616667, 7.216860833] 91.79 0.36611192196823394 (47.106653985807164, 7.216847330313385) 18.0 18.0 halt 2 
2021-06-13 10:43:22.694758 [47.106616667, 7.216860833] 90.66 0.36611192196823394 (47.106653985807164, 7.216847330313385) 18.0 18.0 halt 2 
2021-06-13 10:43:22.795877 [47.106616667, 7.216860833] 89.61 0.36611192196823394 (47.106653985807164, 7.216847330313385) 18.0 18.0 halt 2 
2021-06-13 10:43:22.897133 [47.106616667, 7.216860833] 88.56 0.36611192196823394 (47.106653985807164, 7.216847330313385) 18.0 18.0 halt 2 
2021-06-13 10:43:22.998308 [47.106616667, 7.216860833] 88.56 0.36611192196823394 (47.106653985807164, 7.216847330313385) 18.0 18.0 halt 2 
2021-06-13 10:43:23.099468 [47.106616667, 7.216860833] 87.39 0.36611192196823394 (47.106653985807164, 7.216847330313385) 18.0 18.0 halt 2 
2021-06-13 10:43:23.201122 [47.106616667, 7.216860833] 86.34 0.0 (47.106653985807164, 7.216847330313385) 0.0 0.0 halt 1.9 
2021-06-13 10:43:23.302797 [47.106616667, 7.216860833] 85.28 0.0 (47.106653985807164, 7.216847330313385) 0.0 0.0 halt 1.8 
2021-06-13 10:43:23.404930 [47.106615667, 7.216862] 84.21 0.7098239416105672 (47.106653985807164, 7.216847330313385) 35.0 35.0 halt 2 
2021-06-13 10:43:23.506738 [47.106615667, 7.216862] 81.76 0.7098239416105672 (47.106653985807164, 7.216847330313385) 35.0 35.0 halt 2 
2021-06-13 10:43:23.608396 [47.106615667, 7.216862] 79.06 0.7098239416105672 (47.106653985807164, 7.216847330313385) 35.0 35.0 halt 2 
2021-06-13 10:43:23.709774 [47.106615667, 7.216862] 76.6 0.7098239416105672 (47.106653985807164, 7.216847330313385) 35.0 35.0 halt 2 
2021-06-13 10:43:23.810916 [47.106615667, 7.216862] 74.14 0.7098239416105672 (47.106653985807164, 7.216847330313385) 35.0 35.0 halt 2 
2021-06-13 10:43:23.912103 [47.106615667, 7.216862] 70.33 0.7098239416105672 (47.106653985807164, 7.216847330313385) 35.0 35.0 halt 2 
2021-06-13 10:43:24.015332 [47.106615667, 7.216862] 67.85 0.7098239416105672 (47.106653985807164, 7.216847330313385) 35.0 35.0 halt 2 
2021-06-13 10:43:24.116582 [47.106615667, 7.216862] 64.29 0.0 (47.106653985807164, 7.216847330313385) 0.0 0.0 halt 1.9 
2021-06-13 10:43:24.218168 [47.106615833, 7.2168625] 63.17 0.620187671317308 (47.106653985807164, 7.216847330313385) 31.0 31.0 halt 2 
2021-06-13 10:43:24.319903 [47.106615833, 7.2168625] 62.12 0.620187671317308 (47.106653985807164, 7.216847330313385) 31.0 31.0 halt 2 
2021-06-13 10:43:24.421742 [47.106615833, 7.2168625] 61.04 0.620187671317308 (47.106653985807164, 7.216847330313385) 31.0 31.0 halt 2 
2021-06-13 10:43:24.524040 [47.106615833, 7.2168625] 61.04 0.620187671317308 (47.106653985807164, 7.216847330313385) 31.0 31.0 halt 2 
2021-06-13 10:43:24.625548 [47.106615833, 7.2168625] 61.04 0.620187671317308 (47.106653985807164, 7.216847330313385) 31.0 31.0 halt 2 
2021-06-13 10:43:24.727427 [47.106615833, 7.2168625] 60.02 0.620187671317308 (47.106653985807164, 7.216847330313385) 31.0 31.0 halt 2 
2021-06-13 10:43:24.828571 [47.106615833, 7.2168625] 60.02 0.620187671317308 (47.106653985807164, 7.216847330313385) 31.0 31.0 halt 2 
2021-06-13 10:43:24.929717 [47.106615833, 7.2168625] 60.02 0.620187671317308 (47.106653985807164, 7.216847330313385) 31.0 31.0 halt 2 
2021-06-13 10:43:25.030983 [47.106615833, 7.2168625] 58.97 0.620187671317308 (47.106653985807164, 7.216847330313385) 31.0 31.0 halt 2 
2021-06-13 10:43:25.132167 [47.106615833, 7.2168625] 58.97 0.0 (47.106653985807164, 7.216847330313385) 0.0 0.0 halt 1.9 
2021-06-13 10:43:25.233528 [47.106615833, 7.2168625] 58.97 0.0 (47.106653985807164, 7.216847330313385) 0.0 0.0 halt 1.8 
2021-06-13 10:43:25.335755 [47.106616, 7.216863667] 58.97 0.4065505677784925 (47.106653985807164, 7.216847330313385) 20.0 20.0 halt 2 
2021-06-13 10:43:25.437479 [47.106616, 7.216863667] 58.97 0.4065505677784925 (47.106653985807164, 7.216847330313385) 20.0 20.0 halt 2 
2021-06-13 10:43:25.539242 [47.106616, 7.216863667] 58.97 0.4065505677784925 (47.106653985807164, 7.216847330313385) 20.0 20.0 halt 2 
2021-06-13 10:43:25.640980 [47.106616, 7.216863667] 58.97 0.4065505677784925 (47.106653985807164, 7.216847330313385) 20.0 20.0 halt 2 
2021-06-13 10:43:25.742589 [47.106616, 7.216863667] 58.97 0.4065505677784925 (47.106653985807164, 7.216847330313385) 20.0 20.0 halt 2 
2021-06-13 10:43:25.843725 [47.106616, 7.216863667] 58.97 0.4065505677784925 (47.106653985807164, 7.216847330313385) 20.0 20.0 halt 2 
2021-06-13 10:43:25.944833 [47.106616, 7.216863667] 58.97 0.4065505677784925 (47.106653985807164, 7.216847330313385) 20.0 20.0 halt 2 
2021-06-13 10:43:26.045958 [47.106616, 7.216863667] 58.97 0.4065505677784925 (47.106653985807164, 7.216847330313385) 20.0 20.0 halt 2 
2021-06-13 10:43:26.147217 [47.106616333, 7.216864167] 58.97 1.3488107978679946 (47.106653985807164, 7.216847330313385) 67.0 67.0 halt 2 
2021-06-13 10:43:26.248517 [47.106616333, 7.216864167] 58.97 1.3488107978679946 (47.106653985807164, 7.216847330313385) 67.0 67.0 halt 2 
2021-06-13 10:43:26.349788 [47.106616333, 7.216864167] 58.97 1.3488107978679946 (47.106653985807164, 7.216847330313385) 67.0 67.0 halt 2 
2021-06-13 10:43:26.451129 [47.106616333, 7.216864167] 60.11 1.3488107978679946 (47.106653985807164, 7.216847330313385) 67.0 67.0 halt 2 
2021-06-13 10:43:26.552302 [47.106616333, 7.216864167] 60.11 1.3488107978679946 (47.106653985807164, 7.216847330313385) 67.0 67.0 halt 2 
2021-06-13 10:43:26.653660 [47.106616333, 7.216864167] 60.11 1.3488107978679946 (47.106653985807164, 7.216847330313385) 67.0 67.0 halt 2 
2021-06-13 10:43:26.754817 [47.106616333, 7.216864167] 60.11 1.3488107978679946 (47.106653985807164, 7.216847330313385) 67.0 67.0 halt 2 
2021-06-13 10:43:26.855918 [47.106616333, 7.216864167] 60.11 1.3488107978679946 (47.106653985807164, 7.216847330313385) 67.0 67.0 halt 2 
2021-06-13 10:43:26.956927 [47.106616333, 7.216864167] 60.11 1.3488107978679946 (47.106653985807164, 7.216847330313385) 67.0 67.0 halt 2 
2021-06-13 10:43:27.058030 [47.106616333, 7.216864167] 56.29 1.3488107978679946 (47.106653985807164, 7.216847330313385) 67.0 67.0 halt 2 
2021-06-13 10:43:27.159284 [47.106616333, 7.216864167] 53.39 0.0 (47.106653985807164, 7.216847330313385) 0.0 0.0 halt 1.9 
2021-06-13 10:43:27.260406 [47.106616333, 7.216864167] 52.15 0.0 (47.106653985807164, 7.216847330313385) 0.0 0.0 halt 1.8 
2021-06-13 10:43:27.361524 [47.106616333, 7.216864167] 52.15 0.0 (47.106653985807164, 7.216847330313385) 0.0 0.0 halt 1.7 
2021-06-13 10:43:27.462846 [47.106617667, 7.2168645] 52.15 0.6065402201367807 (47.106653985807164, 7.216847330313385) 30.0 30.0 halt 2 
2021-06-13 10:43:27.564197 [47.106617667, 7.2168645] 51.13 0.6065402201367807 (47.106653985807164, 7.216847330313385) 30.0 30.0 halt 2 
2021-06-13 10:43:27.665518 [47.106617667, 7.2168645] 51.13 0.6065402201367807 (47.106653985807164, 7.216847330313385) 30.0 30.0 halt 2 
2021-06-13 10:43:27.766884 [47.106617667, 7.2168645] 51.13 0.6065402201367807 (47.106653985807164, 7.216847330313385) 30.0 30.0 halt 2 
2021-06-13 10:43:27.868093 [47.106617667, 7.2168645] 51.13 0.6065402201367807 (47.106653985807164, 7.216847330313385) 30.0 30.0 halt 2 
2021-06-13 10:43:27.969234 [47.106617667, 7.2168645] 52.17 0.6065402201367807 (47.106653985807164, 7.216847330313385) 30.0 30.0 halt 2 
2021-06-13 10:43:28.070339 [47.106617667, 7.2168645] 52.17 0.6065402201367807 (47.106653985807164, 7.216847330313385) 30.0 30.0 halt 2 
2021-06-13 10:43:28.171537 [47.106617667, 7.2168645] 52.17 0.0 (47.106653985807164, 7.216847330313385) 0.0 0.0 halt 1.9 
2021-06-13 10:43:28.272997 [47.106618167, 7.2168645] 52.17 1.2152730135953032 (47.106653985807164, 7.216847330313385) 61.0 61.0 halt 2 
2021-06-13 10:43:28.374300 [47.106618167, 7.2168645] 52.17 1.2152730135953032 (47.106653985807164, 7.216847330313385) 61.0 61.0 halt 2 
2021-06-13 10:43:28.475922 [47.106618167, 7.2168645] 52.17 1.2152730135953032 (47.106653985807164, 7.216847330313385) 61.0 61.0 halt 2 
2021-06-13 10:43:28.577371 [47.106618167, 7.2168645] 52.17 1.2152730135953032 (47.106653985807164, 7.216847330313385) 61.0 61.0 halt 2 
2021-06-13 10:43:28.678905 [47.106618167, 7.2168645] 52.17 1.2152730135953032 (47.106653985807164, 7.216847330313385) 61.0 61.0 halt 2 
2021-06-13 10:43:28.780118 [47.106618167, 7.2168645] 53.19 1.2152730135953032 (47.106653985807164, 7.216847330313385) 61.0 61.0 halt 2 
2021-06-13 10:43:28.881369 [47.106618167, 7.2168645] 53.19 1.2152730135953032 (47.106653985807164, 7.216847330313385) 61.0 61.0 halt 2 
2021-06-13 10:43:28.982493 [47.106618167, 7.2168645] 53.19 1.2152730135953032 (47.106653985807164, 7.216847330313385) 61.0 61.0 halt 2 
2021-06-13 10:43:29.085873 [47.106618167, 7.2168645] 53.19 1.2152730135953032 (47.106653985807164, 7.216847330313385) 61.0 61.0 halt 2 
2021-06-13 10:43:29.187308 [47.106618167, 7.2168645] 53.19 0.0 (47.106653985807164, 7.216847330313385) 0.0 0.0 halt 1.9 
2021-06-13 10:43:29.289105 [47.106618167, 7.2168645] 51.82 0.0 (47.106653985807164, 7.216847330313385) 0.0 0.0 halt 1.8 
2021-06-13 10:43:29.390686 [47.106618167, 7.2168645] 50.56 0.0 (47.106653985807164, 7.216847330313385) 0.0 0.0 halt 1.7 
2021-06-13 10:43:29.492528 [47.106618167, 7.2168645] 48.18 0.0 (47.106653985807164, 7.216847330313385) 0.0 0.0 halt 1.6 
2021-06-13 10:43:29.594299 [47.106618167, 7.2168645] 44.61 0.0 (47.106653985807164, 7.216847330313385) 0.0 0.0 halt 1.5 
2021-06-13 10:43:29.695466 [47.106618167, 7.2168645] 40.99 0.0 (47.106653985807164, 7.216847330313385) 0.0 0.0 halt 1.4 
2021-06-13 10:43:29.796635 [47.1066185, 7.2168645] 39.83 0.06109844265419466 (47.106653985807164, 7.216847330313385) 3.0 3.0 halt 1.3 
2021-06-13 10:43:29.897752 [47.1066185, 7.2168645] 39.83 0.06109844265419466 (47.106653985807164, 7.216847330313385) 3.0 3.0 halt 1.2000000000000002 
2021-06-13 10:43:29.998986 [47.1066185, 7.2168645] 37.61 0.06109844265419466 (47.106653985807164, 7.216847330313385) 3.0 3.0 halt 1.1 
2021-06-13 10:43:30.100184 [47.1066185, 7.2168645] 36.58 0.06109844265419466 (47.106653985807164, 7.216847330313385) 3.0 3.0 halt 1.0 
2021-06-13 10:43:30.201959 [47.1066185, 7.2168645] 36.58 0.0 (47.106653985807164, 7.216847330313385) 0.0 0.0 halt 0.9000000000000001 
2021-06-13 10:43:30.304732 [47.1066185, 7.2168645] 34.32 0.0 (47.106653985807164, 7.216847330313385) 0.0 0.0 halt 0.8 
2021-06-13 10:43:30.406770 [47.1066185, 7.2168645] 34.32 0.0 (47.106653985807164, 7.216847330313385) 0.0 0.0 halt 0.7 
2021-06-13 10:43:30.509023 [47.1066185, 7.2168645] 33.27 0.0 (47.106653985807164, 7.216847330313385) 0.0 0.0 halt 0.5999999999999999 
2021-06-13 10:43:30.610985 [47.1066185, 7.2168645] 33.27 0.0 (47.106653985807164, 7.216847330313385) 0.0 0.0 halt 0.4999999999999998 
2021-06-13 10:43:30.712578 [47.106619, 7.2168645] 33.27 0.10216635511099101 (47.106653985807164, 7.216847330313385) 5.0 5.0 halt 0.3999999999999997 
2021-06-13 10:43:30.813721 [47.106619, 7.2168645] 33.27 0.10216635511099101 (47.106653985807164, 7.216847330313385) 5.0 5.0 halt 0.2999999999999996 
2021-06-13 10:43:30.914841 [47.106619, 7.2168645] 33.27 0.10216635511099101 (47.106653985807164, 7.216847330313385) 5.0 5.0 halt 0.1999999999999995 
2021-06-13 10:43:31.016027 [47.106619, 7.2168645] 33.27 0.10216635511099101 (47.106653985807164, 7.216847330313385) 5.0 5.0 halt 0.09999999999999942 
2021-06-13 10:43:31.116982 [47.106619, 7.2168645] 33.27 0.10216635511099101 (47.106653985807164, 7.216847330313385) 0 0 throttle 
2021-06-13 10:43:31.118754 [47.106619, 7.2168645] 33.27 0.10216635511099101 (47.106634816925435, 7.21682989595479) 29.0 -88.0 turn_to_on_spot 177.71685941303622 144.44685941303624 2 
2021-06-13 10:43:31.220874 [47.106619, 7.2168645] 33.27 0.0 (47.106634816925435, 7.21682989595479) 29.0 -88.0 turn_to_on_spot 177.71685941303622 144.44685941303624 2 
2021-06-13 10:43:31.323156 [47.106619, 7.2168645] 33.27 0.0 (47.106634816925435, 7.21682989595479) 29.0 -88.0 turn_to_on_spot 177.71685941303622 144.44685941303624 2 
2021-06-13 10:43:31.425538 [47.106620333, 7.2168645] 33.27 0.5782457248170879 (47.106634816925435, 7.21682989595479) 29.0 -88.0 turn_to_on_spot 177.71685941303622 144.44685941303624 2 
2021-06-13 10:43:31.528537 [47.106620333, 7.2168645] 33.27 0.5782457248170879 (47.106634816925435, 7.21682989595479) 29.0 -88.0 turn_to_on_spot 177.71685941303622 144.44685941303624 2 
2021-06-13 10:43:31.631256 [47.106620333, 7.2168645] 33.27 0.5782457248170879 (47.106634816925435, 7.21682989595479) 29.0 -88.0 turn_to_on_spot 177.71685941303622 144.44685941303624 2 
2021-06-13 10:43:31.733072 [47.106620333, 7.2168645] 32.26 0.5782457248170879 (47.106634816925435, 7.21682989595479) 30.0 -89.0 turn_to_on_spot 177.71685941303622 145.45685941303623 2 
2021-06-13 10:43:31.834814 [47.106620333, 7.2168645] 32.26 0.5782457248170879 (47.106634816925435, 7.21682989595479) 30.0 -89.0 turn_to_on_spot 177.71685941303622 145.45685941303623 2 
2021-06-13 10:43:31.936971 [47.106620333, 7.2168645] 32.26 0.5782457248170879 (47.106634816925435, 7.21682989595479) 30.0 -89.0 turn_to_on_spot 177.71685941303622 145.45685941303623 2 
2021-06-13 10:43:32.038731 [47.106620333, 7.2168645] 31.22 0.5782457248170879 (47.106634816925435, 7.21682989595479) 30.0 -89.0 turn_to_on_spot 177.71685941303622 146.4968594130362 2 
2021-06-13 10:43:32.141109 [47.106620333, 7.2168645] 31.22 0.0 (47.106634816925435, 7.21682989595479) 30.0 -89.0 turn_to_on_spot 177.71685941303622 146.4968594130362 2 
2021-06-13 10:43:32.243860 [47.106620333, 7.2168645] 31.22 0.0 (47.106634816925435, 7.21682989595479) 30.0 -89.0 turn_to_on_spot 177.71685941303622 146.4968594130362 2 
2021-06-13 10:43:32.346345 [47.106620333, 7.2168645] 30.2 0.0 (47.106634816925435, 7.21682989595479) 30.0 -90.0 turn_to_on_spot 177.71685941303622 147.51685941303617 2 
2021-06-13 10:43:32.448694 [47.1066205, 7.216864333] 30.2 0.08710111826809487 (47.106634816925435, 7.21682989595479) 30.0 -90.0 turn_to_on_spot 177.71685941303622 147.51685941303617 2 
2021-06-13 10:43:32.551180 [47.1066205, 7.216864333] 30.2 0.08710111826809487 (47.106634816925435, 7.21682989595479) 30.0 -90.0 turn_to_on_spot 177.71685941303622 147.51685941303617 2 
2021-06-13 10:43:32.654558 [47.1066205, 7.216864333] 29.15 0.08710111826809487 (47.106634816925435, 7.21682989595479) 30.0 -91.0 turn_to_on_spot 177.71685941303622 148.56685941303624 2 
2021-06-13 10:43:32.756573 [47.1066205, 7.216864333] 29.15 0.08710111826809487 (47.106634816925435, 7.21682989595479) 30.0 -91.0 turn_to_on_spot 177.71685941303622 148.56685941303624 2 
2021-06-13 10:43:32.858207 [47.1066205, 7.216864333] 29.15 0.08710111826809487 (47.106634816925435, 7.21682989595479) 30.0 -91.0 turn_to_on_spot 177.71685941303622 148.56685941303624 2 
2021-06-13 10:43:32.959926 [47.1066205, 7.216864333] 28.14 0.08710111826809487 (47.106634816925435, 7.21682989595479) 30.0 -91.0 turn_to_on_spot 177.71685941303622 149.57685941303623 2 
2021-06-13 10:43:33.061748 [47.1066205, 7.216864333] 28.14 0.08710111826809487 (47.106634816925435, 7.21682989595479) 30.0 -91.0 turn_to_on_spot 177.71685941303622 149.57685941303623 2 
2021-06-13 10:43:33.163854 [47.1066205, 7.216864333] 27.06 0.0 (47.106634816925435, 7.21682989595479) 31.0 -92.0 turn_to_on_spot 177.71685941303622 150.65685941303627 2 
2021-06-13 10:43:33.266639 [47.1066205, 7.216864333] 24.53 0.0 (47.106634816925435, 7.21682989595479) 31.0 -93.0 turn_to_on_spot 177.71685941303622 153.18685941303625 2 
2021-06-13 10:43:33.372735 [47.1066205, 7.216864333] 20.81 0.0 (47.106634816925435, 7.21682989595479) 32.0 -95.0 turn_to_on_spot 177.71685941303622 156.90685941303627 2 
2021-06-13 10:43:33.475569 [47.1066205, 7.216864333] 17.74 0.0 (47.106634816925435, 7.21682989595479) 32.0 -97.0 turn_to_on_spot 177.71685941303622 159.9768594130362 2 
2021-06-13 10:43:33.577960 [47.1066205, 7.216864333] 14.55 0.0 (47.106634816925435, 7.21682989595479) 33.0 -99.0 turn_to_on_spot 177.71685941303622 163.16685941303626 2 
2021-06-13 10:43:33.680245 [47.1066205, 7.216864333] 14.55 0.0 (47.106634816925435, 7.21682989595479) 33.0 -99.0 turn_to_on_spot 177.71685941303622 163.16685941303626 2 
2021-06-13 10:43:33.783201 [47.1066205, 7.216864333] 10.27 0.0 (47.106634816925435, 7.21682989595479) 33.0 -100.0 turn_to_on_spot 177.71685941303622 166.19685941303624 2 
2021-06-13 10:43:33.885427 [47.1066205, 7.216864333] 6.09 0.0 (47.106634816925435, 7.21682989595479) 34.0 -100 turn_to_on_spot 177.71685941303622 171.6268594130362 2 
2021-06-13 10:43:33.987101 [47.1066205, 7.216864333] 1.04 0.0 (47.106634816925435, 7.21682989595479) 35.0 -100 turn_to_on_spot 177.71685941303622 176.67685941303625 2 
2021-06-13 10:43:34.091078 [47.1066205, 7.216864333] 357.76 0.0 (47.106634816925435, 7.21682989595479) 36.0 -100 turn_to_on_spot 177.71685941303622 179.95685941303623 2 
2021-06-13 10:43:34.193805 [47.1066205, 7.216864333] 354.9 0.0 (47.106634816925435, 7.21682989595479) -90.0 30.0 turn_to_on_spot 177.71685941303622 -177.18314058696376 2 
2021-06-13 10:43:34.295997 [47.1066205, 7.216864333] 353.61 0.0 (47.106634816925435, 7.21682989595479) -90.0 30.0 turn_to_on_spot 177.71685941303622 -175.8931405869638 2 
2021-06-13 10:43:34.397977 [47.106620667, 7.216863667] 350.09 0.24129130593739306 (47.106634816925435, 7.21682989595479) -88.0 29.0 turn_to_on_spot 177.71685941303622 -172.37314058696376 2 
2021-06-13 10:43:34.499620 [47.106620667, 7.216863667] 348.78 0.24129130593739306 (47.106634816925435, 7.21682989595479) -87.0 29.0 turn_to_on_spot 177.71685941303622 -171.06314058696375 2 
2021-06-13 10:43:34.601992 [47.106620667, 7.216863667] 344.75 0.24129130593739306 (47.106634816925435, 7.21682989595479) -85.0 28.0 turn_to_on_spot 177.71685941303622 -167.03314058696378 2 
2021-06-13 10:43:34.703893 [47.106620667, 7.216863667] 341.67 0.24129130593739306 (47.106634816925435, 7.21682989595479) -83.0 28.0 turn_to_on_spot 177.71685941303622 -163.9531405869638 2 
2021-06-13 10:43:35.106567 [47.106620667, 7.216863667] 324.43 0.24129130593739306 (47.106634816925435, 7.21682989595479) -82.0 27.0 turn_to_on_spot 177.71685941303622 -162.30314058696376 2 
2021-06-13 10:43:35.510790 [47.106625, 7.216861667] 300.99 4.276684675961069 (47.106634816925435, 7.21682989595479) -72.0 24.0 turn_to_on_spot 177.71685941303622 -143.5231405869638 2 
2021-06-13 10:43:35.613374 [47.106625, 7.216861667] 294.76 4.276684675961069 (47.106634816925435, 7.21682989595479) -57.0 19.0 turn_to_on_spot 177.71685941303622 -117.04314058696377 2 
2021-06-13 10:43:35.715111 [47.106625, 7.216861667] 288.51 4.276684675961069 (47.106634816925435, 7.21682989595479) -54.0 18.0 turn_to_on_spot 177.71685941303622 -110.79314058696377 2 
2021-06-13 10:43:36.117569 [47.106625, 7.216861667] 268.08 4.276684675961069 (47.106634816925435, 7.21682989595479) -49.0 16.0 turn_to_on_spot 177.71685941303622 -103.40314058696379 2 
2021-06-13 10:43:36.522165 [47.106625, 7.216861667] 240.53 0.0 (47.106634816925435, 7.21682989595479) -39.0 13.0 turn_to_on_spot 177.71685941303622 -84.34314058696378 2 
2021-06-13 10:43:36.624126 [47.106625, 7.216861667] 236.62 0.0 (47.106634816925435, 7.21682989595479) -25.0 8.0 turn_to_on_spot 177.71685941303622 -58.90314058696379 2 
2021-06-13 10:43:36.725680 [47.106625, 7.216861667] 232.99 0.0 (47.106634816925435, 7.21682989595479) -23.0 8.0 turn_to_on_spot 177.71685941303622 -55.27314058696379 2 
2021-06-13 10:43:37.128104 [47.106625, 7.216861667] 218.24 0.0 (47.106634816925435, 7.21682989595479) -22.0 7.0 turn_to_on_spot 177.71685941303622 -53.603140586963775 2 
2021-06-13 10:43:37.532234 [47.106625, 7.216861667] 224.7 0.0 (47.106634816925435, 7.21682989595479) -14.0 5.0 turn_to_on_spot 177.71685941303622 -39.43314058696376 2 
2021-06-13 10:43:37.633897 [47.106625, 7.216861667] 230.25 0.0 (47.106634816925435, 7.21682989595479) -21.0 7.0 turn_to_on_spot 177.71685941303622 -52.53314058696378 2 
2021-06-13 10:43:37.735312 [47.106625, 7.216861667] 231.57 0.0 (47.106634816925435, 7.21682989595479) -22.0 7.0 turn_to_on_spot 177.71685941303622 -53.853140586963775 2 
2021-06-13 10:43:38.137785 [47.106627, 7.216854167] 235.21 0.9200196810517014 (47.106634816925435, 7.21682989595479) -24.0 8.0 turn_to_on_spot 177.71685941303622 -57.49314058696382 2 
2021-06-13 10:43:38.542017 [47.1066265, 7.216849333] 228.01 1.6699442623078293 (47.106634816925435, 7.21682989595479) -23.0 8.0 turn_to_on_spot 177.71685941303622 -54.93314058696376 2 
2021-06-13 10:43:38.644156 [47.1066265, 7.216849333] 228.01 1.6699442623078293 (47.106634816925435, 7.21682989595479) -20.0 7.0 turn_to_on_spot 177.71685941303622 -50.29314058696377 2 
2021-06-13 10:43:38.745800 [47.1066265, 7.216849333] 228.01 1.6699442623078293 (47.106634816925435, 7.21682989595479) -20.0 7.0 turn_to_on_spot 177.71685941303622 -50.29314058696377 2 
2021-06-13 10:43:39.150334 [47.1066265, 7.216849333] 235.35 0.0 (47.106634816925435, 7.21682989595479) -21.0 7.0 turn_to_on_spot 177.71685941303622 -52.48314058696377 2 
2021-06-13 10:43:39.553988 [47.106615333, 7.216825333] 242.1 8.69448810505133 (47.106634816925435, 7.21682989595479) -26.0 9.0 turn_to_on_spot 177.71685941303622 -60.873140586963814 2 
2021-06-13 10:43:39.656493 [47.106615333, 7.216825333] 243.1 8.69448810505133 (47.106634816925435, 7.21682989595479) -28.0 9.0 turn_to_on_spot 177.71685941303622 -65.3831405869638 2 
2021-06-13 10:43:39.758054 [47.106615333, 7.216825333] 243.1 8.69448810505133 (47.106634816925435, 7.21682989595479) -28.0 9.0 turn_to_on_spot 177.71685941303622 -65.3831405869638 2 
2021-06-13 10:43:40.161078 [47.106614167, 7.216820333] 246.21 0.0 (47.106634816925435, 7.21682989595479) -29.0 10.0 turn_to_on_spot 177.71685941303622 -66.47314058696378 2 
2021-06-13 10:43:40.565904 [47.106614167, 7.216820333] 248.33 0.0 (47.106634816925435, 7.21682989595479) -30.0 10.0 turn_to_on_spot 177.71685941303622 -68.49314058696382 2 
2021-06-13 10:43:40.727337 [47.106614167, 7.216820333] 249.44 0.0 (47.106634816925435, 7.21682989595479) -31.0 10.0 turn_to_on_spot 177.71685941303622 -70.61314058696382 2 
2021-06-13 10:43:41.184926 [47.106614167, 7.216820333] 252.85 0.0 (47.106634816925435, 7.21682989595479) -32.0 11.0 turn_to_on_spot 177.71685941303622 -72.84314058696378 2 
2021-06-13 10:43:41.702398 [47.106613167, 7.216815833] 257.02 1.9045188636903787 (47.106634816925435, 7.21682989595479) -35.0 12.0 turn_to_on_spot 177.71685941303622 -77.1431405869638 2 
2021-06-13 10:43:41.842893 [47.106613167, 7.216815833] 258.11 1.9045188636903787 (47.106634816925435, 7.21682989595479) -37.0 12.0 turn_to_on_spot 177.71685941303622 -80.3931405869638 2 
2021-06-13 10:43:42.271727 [47.106612333, 7.2168125] 261.39 0.0 (47.106634816925435, 7.21682989595479) -37.0 12.0 turn_to_on_spot 177.71685941303622 -81.52314058696379 2 
2021-06-13 10:43:42.574668 [47.106612333, 7.2168125] 263.54 0.0 (47.106634816925435, 7.21682989595479) -39.0 13.0 turn_to_on_spot 177.71685941303622 -84.80314058696376 2 
2021-06-13 10:43:42.796589 [47.106612333, 7.2168125] 264.57 0.0 (47.106634816925435, 7.21682989595479) -40.0 13.0 turn_to_on_spot 177.71685941303622 -86.85314058696378 2 
2021-06-13 10:43:43.244253 [47.106611333, 7.216802] 268.9 0.0 (47.106634816925435, 7.21682989595479) -41.0 14.0 turn_to_on_spot 177.71685941303622 -87.87314058696376 2 
2021-06-13 10:43:43.662192 [47.106611333, 7.216802] 270.98 0.0 (47.106634816925435, 7.21682989595479) -43.0 14.0 turn_to_on_spot 177.71685941303622 -92.22314058696378 2 
2021-06-13 10:43:43.892447 [47.106611333, 7.216802] 273.18 0.0 (47.106634816925435, 7.21682989595479) -44.0 15.0 turn_to_on_spot 177.71685941303622 -93.2631405869638 2 
2021-06-13 10:43:44.299041 [47.106611333, 7.216802] 274.29 0.0 (47.106634816925435, 7.21682989595479) -45.0 15.0 turn_to_on_spot 177.71685941303622 -95.46314058696379 2 
2021-06-13 10:43:44.704534 [47.106611333, 7.216802] 277.47 0.0 (47.106634816925435, 7.21682989595479) -46.0 15.0 turn_to_on_spot 177.71685941303622 -97.60314058696378 2 
2021-06-13 10:43:44.822089 [47.106611333, 7.216802] 277.47 0.0 (47.106634816925435, 7.21682989595479) -47.0 16.0 turn_to_on_spot 177.71685941303622 -99.75314058696381 2 
2021-06-13 10:43:44.925124 [47.106611333, 7.216802] 278.53 0.0 (47.106634816925435, 7.21682989595479) -48.0 16.0 turn_to_on_spot 177.71685941303622 -100.81314058696375 2 
2021-06-13 10:43:45.328191 [47.106611333, 7.216800167] 280.64 0.0 (47.106634816925435, 7.21682989595479) -48.0 16.0 turn_to_on_spot 177.71685941303622 -100.81314058696375 2 
2021-06-13 10:43:45.554947 [47.106611333, 7.2167985] 283.02 0.44053963166743143 (47.106634816925435, 7.21682989595479) -50.0 17.0 turn_to_on_spot 177.71685941303622 -103.9431405869638 2 
2021-06-13 10:43:45.722796 [47.106611333, 7.2167985] 284.32 0.44053963166743143 (47.106634816925435, 7.21682989595479) -51.0 17.0 turn_to_on_spot 177.71685941303622 -106.60314058696378 2 
2021-06-13 10:43:45.958304 [47.106611333, 7.2167985] 287.92 0.44053963166743143 (47.106634816925435, 7.21682989595479) -52.0 17.0 turn_to_on_spot 177.71685941303622 -108.85314058696378 2 
2021-06-13 10:43:46.362913 [47.106611333, 7.2167985] 327.55 0.0 (47.106634816925435, 7.21682989595479) -66.0 22.0 turn_to_on_spot 177.71685941303622 -133.31314058696375 2 
2021-06-13 10:43:46.772360 [47.106613667, 7.216790167] 348.99 4.995987026217778 (47.106634816925435, 7.21682989595479) -79.0 26.0 turn_to_on_spot 177.71685941303622 -156.09314058696378 2 
2021-06-13 10:43:46.973081 [47.106613667, 7.216790167] 348.99 4.995987026217778 (47.106634816925435, 7.21682989595479) -87.0 29.0 turn_to_on_spot 177.71685941303622 -171.2731405869638 2 
2021-06-13 10:43:47.394882 [47.106615167, 7.216789] 11.87 0.0 (47.106634816925435, 7.21682989595479) 35.0 -100 turn_to_on_spot 177.71685941303622 176.4768594130362 2 
2021-06-13 10:43:47.503217 [47.106615167, 7.216789] 19.88 0.0 (47.106634816925435, 7.21682989595479) 32.0 -97.0 turn_to_on_spot 177.71685941303622 159.3568594130362 2 
2021-06-13 10:43:47.620976 [47.106615167, 7.216789] 22.8 0.0 (47.106634816925435, 7.21682989595479) 31.0 -94.0 turn_to_on_spot 177.71685941303622 154.91685941303626 2 
2021-06-13 10:43:47.922255 [47.106615167, 7.216789] 27.33 0.0 (47.106634816925435, 7.21682989595479) 31.0 -92.0 turn_to_on_spot 177.71685941303622 150.3868594130363 2 
2021-06-13 10:43:48.327384 [47.106615167, 7.216789] 47.58 0.0 (47.106634816925435, 7.21682989595479) 28.0 -85.0 turn_to_on_spot 177.71685941303622 138.7268594130362 2 
2021-06-13 10:43:48.442816 [47.106615167, 7.216789] 57.05 0.0 (47.106634816925435, 7.21682989595479) 25.0 -75.0 turn_to_on_spot 177.71685941303622 120.66685941303626 2 
2021-06-13 10:43:48.602436 [47.106615167, 7.216789] 61.52 0.0 (47.106634816925435, 7.21682989595479) 24.0 -73.0 turn_to_on_spot 177.71685941303622 117.68685941303625 2 
2021-06-13 10:43:48.925898 [47.106615167, 7.216789] 65.97 0.0 (47.106634816925435, 7.21682989595479) 24.0 -71.0 turn_to_on_spot 177.71685941303622 113.22685941303621 2 
2021-06-13 10:43:49.332619 [47.106615167, 7.216789] 77.28 0.0 (47.106634816925435, 7.21682989595479) 22.0 -67.0 turn_to_on_spot 177.71685941303622 105.76685941303617 2 
2021-06-13 10:43:49.792415 [47.106619833, 7.21679] 91.97 19.45492470866075 (47.106634816925435, 7.21682989595479) 19.0 -56.0 turn_to_on_spot 177.71685941303622 87.09685941303621 2 
2021-06-13 10:43:49.947237 [47.106619833, 7.21679] 89.53 19.45492470866075 (47.106634816925435, 7.21682989595479) 19.0 -56.0 turn_to_on_spot 177.71685941303622 87.12685941303619 2 
2021-06-13 10:43:50.369492 [47.106619833, 7.21679] 74.8 19.45492470866075 (47.106634816925435, 7.21682989595479) 19.0 -58.0 turn_to_on_spot 177.71685941303622 89.39685941303628 2 
2021-06-13 10:43:50.902136 [47.106622833, 7.216804667] 56.75 37.647432493352774 (47.106634816925435, 7.21682989595479) 25.0 -74.0 turn_to_on_spot 177.71685941303622 119.20685941303623 2 
2021-06-13 10:43:51.438881 [47.106622833, 7.216804667] 38.0 37.647432493352774 (47.106634816925435, 7.21682989595479) 27.0 -81.0 turn_to_on_spot 177.71685941303622 132.14685941303628 2 
2021-06-13 10:43:51.863142 [47.106624333, 7.216809667] 15.78 0.0 (47.106634816925435, 7.21682989595479) 31.0 -92.0 turn_to_on_spot 177.71685941303622 151.6268594130362 2 
2021-06-13 10:43:52.014535 [47.106624333, 7.216809667] 12.63 0.0 (47.106634816925435, 7.21682989595479) 33.0 -99.0 turn_to_on_spot 177.71685941303622 163.5968594130362 2 
2021-06-13 10:43:52.469002 [47.106627, 7.216814] 10.16 1.4439446121249169 (47.106634816925435, 7.21682989595479) 34.0 -100 turn_to_on_spot 177.71685941303622 169.91685941303626 2 
2021-06-13 10:43:52.883728 [47.106627, 7.216814] 16.99 1.4439446121249169 (47.106634816925435, 7.21682989595479) 33.0 -100.0 turn_to_on_spot 177.71685941303622 164.9968594130362 2 
2021-06-13 10:43:53.112263 [47.106627, 7.216814] 19.13 1.4439446121249169 (47.106634816925435, 7.21682989595479) 32.0 -97.0 turn_to_on_spot 177.71685941303622 159.67685941303625 2 
2021-06-13 10:43:53.525906 [47.1066305, 7.216817333] 38.14 0.0 (47.106634816925435, 7.21682989595479) 30.0 -89.0 turn_to_on_spot 177.71685941303622 146.20685941303623 2 
2021-06-13 10:43:53.933487 [47.1066305, 7.216817333] 53.68 0.0 (47.106634816925435, 7.21682989595479) 26.0 -79.0 turn_to_on_spot 177.71685941303622 127.77685941303616 2 
2021-06-13 10:43:54.141461 [47.1066305, 7.216817333] 59.57 0.0 (47.106634816925435, 7.21682989595479) 25.0 -75.0 turn_to_on_spot 177.71685941303622 120.1068594130362 2 
2021-06-13 10:43:54.551630 [47.1066305, 7.216817333] 76.16 0.0 (47.106634816925435, 7.21682989595479) 23.0 -68.0 turn_to_on_spot 177.71685941303622 108.44685941303624 2 
2021-06-13 10:43:54.961505 [47.106646833, 7.216835] 86.16 4.956746980964166 (47.106634816925435, 7.21682989595479) 20.0 -61.0 turn_to_on_spot 177.71685941303622 95.06685941303624 2 
2021-06-13 10:43:55.272629 [47.106646833, 7.216835] 85.03 0.0 (47.106634816925435, 7.21682989595479) 20.0 -59.0 turn_to_on_spot 177.71685941303622 92.68685941303625 2 
2021-06-13 10:43:55.675696 [47.106647333, 7.216841667] 78.24 3.014081845675542 (47.106634816925435, 7.21682989595479) 20.0 -61.0 turn_to_on_spot 177.71685941303622 96.19685941303624 2 
2021-06-13 10:43:56.163235 [47.106647333, 7.216841667] 75.18 3.014081845675542 (47.106634816925435, 7.21682989595479) 21.0 -64.0 turn_to_on_spot 177.71685941303622 100.49685941303619 2 
2021-06-13 10:43:56.681563 [47.106647, 7.216848667] 72.04 1.3875188640496525 (47.106634816925435, 7.21682989595479) 22.0 -65.0 turn_to_on_spot 177.71685941303622 102.53685941303615 2 
2021-06-13 10:43:57.083966 [47.106647, 7.216848667] 69.97 1.3875188640496525 (47.106634816925435, 7.21682989595479) 22.0 -67.0 turn_to_on_spot 177.71685941303622 106.69685941303624 2 
2021-06-13 10:43:57.382077 [47.106647, 7.216848667] 69.97 0.0 (47.106634816925435, 7.21682989595479) 23.0 -68.0 turn_to_on_spot 177.71685941303622 107.74685941303619 2 
2021-06-13 10:43:57.816308 [47.106647167, 7.2168555] 68.92 1.4827897770496794 (47.106634816925435, 7.21682989595479) 23.0 -68.0 turn_to_on_spot 177.71685941303622 108.79685941303626 2 
2021-06-13 10:43:58.220060 [47.106647167, 7.2168555] 77.41 1.4827897770496794 (47.106634816925435, 7.21682989595479) 22.0 -67.0 turn_to_on_spot 177.71685941303622 105.3668594130362 2 
2021-06-13 10:43:58.642115 [47.1066485, 7.216875167] 93.64 6.223248037686766 (47.106634816925435, 7.21682989595479) 20.0 -60.0 turn_to_on_spot 177.71685941303622 92.82685941303623 2 
2021-06-13 10:43:58.746951 [47.1066485, 7.216875167] 99.06 6.223248037686766 (47.106634816925435, 7.21682989595479) 17.0 -52.0 turn_to_on_spot 177.71685941303622 79.67685941303625 2 
2021-06-13 10:43:58.849583 [47.1066485, 7.216875167] 101.94 6.223248037686766 (47.106634816925435, 7.21682989595479) 17.0 -51.0 turn_to_on_spot 177.71685941303622 77.18685941303625 2 
2021-06-13 10:43:59.252720 [47.1066485, 7.216875167] 108.56 6.223248037686766 (47.106634816925435, 7.21682989595479) 16.0 -49.0 turn_to_on_spot 177.71685941303622 72.97685941303621 2 
2021-06-13 10:43:59.712648 [47.106648333, 7.216879] 114.48 26.999852972039978 (47.106634816925435, 7.21682989595479) 15.0 -44.0 turn_to_on_spot 177.71685941303622 65.51685941303617 2 
2021-06-13 10:43:59.892164 [47.106648333, 7.216879] 116.51 26.999852972039978 (47.106634816925435, 7.21682989595479) 14.0 -43.0 turn_to_on_spot 177.71685941303622 62.20685941303623 2 
2021-06-13 10:44:00.318806 [47.106648333, 7.216879] 123.01 0.0 (47.106634816925435, 7.21682989595479) 13.0 -40.0 turn_to_on_spot 177.71685941303622 57.946859413036236 2 
2021-06-13 10:44:00.776050 [47.106648333, 7.216879] 128.5 0.0 (47.106634816925435, 7.21682989595479) 12.0 -37.0 turn_to_on_spot 177.71685941303622 52.55685941303625 2 
2021-06-13 10:44:00.894521 [47.106648333, 7.216879] 129.66 0.0 (47.106634816925435, 7.21682989595479) 12.0 -35.0 turn_to_on_spot 177.71685941303622 48.05685941303625 2 
2021-06-13 10:44:00.996616 [47.106648333, 7.216879] 129.66 0.0 (47.106634816925435, 7.21682989595479) 12.0 -35.0 turn_to_on_spot 177.71685941303622 48.05685941303625 2 
2021-06-13 10:44:01.401506 [47.106648333, 7.216879] 130.83 0.0 (47.106634816925435, 7.21682989595479) 11.0 -34.0 turn_to_on_spot 177.71685941303622 46.88685941303618 2 
2021-06-13 10:44:01.813897 [47.106646333, 7.216885333] 137.57 1.317857858041559 (47.106634816925435, 7.21682989595479) 11.0 -32.0 turn_to_on_spot 177.71685941303622 42.446859413036236 2 
2021-06-13 10:44:01.972532 [47.106646333, 7.216885333] 137.57 1.317857858041559 (47.106634816925435, 7.21682989595479) 10.0 -30.0 turn_to_on_spot 177.71685941303622 40.14685941303628 2 
2021-06-13 10:44:02.104116 [47.106646333, 7.216885333] 137.57 1.317857858041559 (47.106634816925435, 7.21682989595479) 10.0 -30.0 turn_to_on_spot 177.71685941303622 40.14685941303628 2 
2021-06-13 10:44:02.506809 [47.106642, 7.216892333] 143.97 2.5621767591998816 (47.106634816925435, 7.21682989595479) 9.0 -28.0 turn_to_on_spot 177.71685941303622 35.96685941303622 2 
2021-06-13 10:44:02.912054 [47.106642, 7.216892333] 147.23 2.5621767591998816 (47.106634816925435, 7.21682989595479) 9.0 -26.0 turn_to_on_spot 177.71685941303622 32.65685941303627 2 
2021-06-13 10:44:03.142556 [47.106642, 7.216892333] 148.32 2.5621767591998816 (47.106634816925435, 7.21682989595479) 8.0 -25.0 turn_to_on_spot 177.71685941303622 30.4868594130362 2 
2021-06-13 10:44:03.548782 [47.106641333, 7.216893] 151.59 0.37039384469178893 (47.106634816925435, 7.21682989595479) 8.0 -24.0 turn_to_on_spot 177.71685941303622 28.25685941303618 2 
2021-06-13 10:44:04.102531 [47.106641333, 7.216893] 153.82 0.37039384469178893 (47.106634816925435, 7.21682989595479) 8.0 -23.0 turn_to_on_spot 177.71685941303622 26.126859413036186 2 
2021-06-13 10:44:04.554072 [47.106641333, 7.216893] 158.15 0.0 (47.106634816925435, 7.21682989595479) 7.0 -20.0 turn_to_on_spot 177.71685941303622 21.716859413036218 2 
2021-06-13 10:44:04.982339 [47.106641333, 7.216893] 160.38 0.0 (47.106634816925435, 7.21682989595479) 6.0 -19.0 turn_to_on_spot 177.71685941303622 19.56685941303624 2 
2021-06-13 10:44:05.173017 [47.106641333, 7.216893] 161.44 0.0 (47.106634816925435, 7.21682989595479) 6.0 -17.0 turn_to_on_spot 177.71685941303622 16.276859413036163 2 
2021-06-13 10:44:05.611010 [47.10664, 7.216894167] 164.74 0.9653938177292954 (47.106634816925435, 7.21682989595479) 5.0 -16.0 turn_to_on_spot 177.71685941303622 15.196859413036236 2 
2021-06-13 10:44:06.036414 [47.106637333, 7.2168955] 165.75 0.6142318078152137 (47.106634816925435, 7.21682989595479) 5.0 -15.0 turn_to_on_spot 177.71685941303622 12.976859413036209 2 
2021-06-13 10:44:06.314984 [47.106637333, 7.2168955] 166.8 0.0 (47.106634816925435, 7.21682989595479) 5.0 -15.0 turn_to_on_spot 177.71685941303622 11.966859413036218 2 
2021-06-13 10:44:06.718014 [47.106637333, 7.2168955] 167.85 0.0 (47.106634816925435, 7.21682989595479) 5.0 -14.0 turn_to_on_spot 177.71685941303622 10.916859413036264 2 
2021-06-13 10:44:07.143251 [47.106637333, 7.2168955] 169.95 0.0 (47.106634816925435, 7.21682989595479) 4.0 -13.0 turn_to_on_spot 177.71685941303622 8.826859413036232 2 
2021-06-13 10:44:07.422097 [47.106637333, 7.2168955] 171.06 0.0 (47.106634816925435, 7.21682989595479) 4.0 -12.0 turn_to_on_spot 177.71685941303622 7.7668594130361726 2 
2021-06-13 10:44:07.824784 [47.106636667, 7.216895833] 173.21 0.25705171597929755 (47.106634816925435, 7.21682989595479) 4.0 -11.0 turn_to_on_spot 177.71685941303622 5.5968594130362135 2 
2021-06-13 10:44:08.255261 [47.106636, 7.216895833] 174.23 0.0 (47.106634816925435, 7.21682989595479) 4.0 -11.0 turn_to_on_spot 177.71685941303622 4.506859413036182 1.9 
2021-06-13 10:44:08.379276 [47.106636, 7.216895833] 173.18 0.0 (47.106634816925435, 7.21682989595479) 3.0 -10.0 turn_to_on_spot 177.71685941303622 3.4868594130362 1.8 
2021-06-13 10:44:08.528276 [47.106636, 7.216895833] 171.64 0.0 (47.106634816925435, 7.21682989595479) 4.0 -11.0 turn_to_on_spot 177.71685941303622 6.076859413036232 2 
2021-06-13 10:44:08.933430 [47.106636, 7.216895833] 159.33 0.0 (47.106634816925435, 7.21682989595479) 5.0 -14.0 turn_to_on_spot 177.71685941303622 10.846859413036213 2 
2021-06-13 10:44:09.357185 [47.106636, 7.216895833] 145.9 0.0 (47.106634816925435, 7.21682989595479) 8.0 -23.0 turn_to_on_spot 177.71685941303622 26.72685941303621 2 
2021-06-13 10:44:09.637517 [47.106636, 7.216895833] 144.7 0.0 (47.106634816925435, 7.21682989595479) 9.0 -26.0 turn_to_on_spot 177.71685941303622 33.01685941303617 2 
2021-06-13 10:44:10.042336 [47.106631667, 7.216897667] 134.54 1.259619947811442 (47.106634816925435, 7.21682989595479) 10.0 -30.0 turn_to_on_spot 177.71685941303622 39.97685941303621 2 
2021-06-13 10:44:10.451783 [47.106630667, 7.2168985] 132.33 0.37829321886415457 (47.106634816925435, 7.21682989595479) 11.0 -32.0 turn_to_on_spot 177.71685941303622 43.176859413036254 2 
2021-06-13 10:44:10.747585 [47.106630667, 7.2168985] 130.2 0.37829321886415457 (47.106634816925435, 7.21682989595479) 11.0 -34.0 turn_to_on_spot 177.71685941303622 46.50685941303618 2 
2021-06-13 10:44:11.152676 [47.106630667, 7.2168985] 127.04 0.37829321886415457 (47.106634816925435, 7.21682989595479) 12.0 -36.0 turn_to_on_spot 177.71685941303622 49.64685941303628 2 
2021-06-13 10:44:11.567140 [47.106630667, 7.2168985] 122.82 0.0 (47.106634816925435, 7.21682989595479) 12.0 -37.0 turn_to_on_spot 177.71685941303622 52.79685941303626 2 
2021-06-13 10:44:11.823819 [47.106630667, 7.2168985] 121.82 0.0 (47.106634816925435, 7.21682989595479) 13.0 -39.0 turn_to_on_spot 177.71685941303622 55.89685941303628 2 
2021-06-13 10:44:12.261773 [47.106630667, 7.2168985] 117.42 0.0 (47.106634816925435, 7.21682989595479) 13.0 -40.0 turn_to_on_spot 177.71685941303622 56.97685941303621 2 
2021-06-13 10:44:12.742530 [47.106629, 7.216900167] 115.36 1.0031859062763813 (47.106634816925435, 7.21682989595479) 14.0 -41.0 turn_to_on_spot 177.71685941303622 60.29685941303626 2 
2021-06-13 10:44:12.966264 [47.106629, 7.216900167] 114.32 1.0031859062763813 (47.106634816925435, 7.21682989595479) 14.0 -43.0 turn_to_on_spot 177.71685941303622 62.356859413036204 2 
2021-06-13 10:44:13.370099 [47.106629, 7.216900167] 111.11 0.0 (47.106634816925435, 7.21682989595479) 15.0 -44.0 turn_to_on_spot 177.71685941303622 65.4868594130362 2 
2021-06-13 10:44:13.774593 [47.106626333, 7.216904333] 107.75 2.094952674561959 (47.106634816925435, 7.21682989595479) 15.0 -46.0 turn_to_on_spot 177.71685941303622 67.65685941303627 2 
2021-06-13 10:44:13.879126 [47.106626333, 7.216904333] 106.56 2.094952674561959 (47.106634816925435, 7.21682989595479) 16.0 -48.0 turn_to_on_spot 177.71685941303622 71.15685941303627 2 
2021-06-13 10:44:13.994376 [47.106626333, 7.216904333] 105.46 2.094952674561959 (47.106634816925435, 7.21682989595479) 16.0 -48.0 turn_to_on_spot 177.71685941303622 72.25685941303618 2 
2021-06-13 10:44:14.396776 [47.106626333, 7.216904333] 105.46 0.0 (47.106634816925435, 7.21682989595479) 16.0 -48.0 turn_to_on_spot 177.71685941303622 72.25685941303618 2 
2021-06-13 10:44:14.862547 [47.106626333, 7.216904333] 100.91 0.0 (47.106634816925435, 7.21682989595479) 16.0 -49.0 turn_to_on_spot 177.71685941303622 74.59685941303621 2 
2021-06-13 10:44:15.100578 [47.106626333, 7.216904333] 99.91 0.0 (47.106634816925435, 7.21682989595479) 17.0 -51.0 turn_to_on_spot 177.71685941303622 77.80685941303625 2 
2021-06-13 10:44:15.511480 [47.106626333, 7.216904333] 94.36 0.0 (47.106634816925435, 7.21682989595479) 18.0 -53.0 turn_to_on_spot 177.71685941303622 80.12685941303619 2 
2021-06-13 10:44:15.922438 [47.106625833, 7.216905] 90.97 0.14501393209639596 (47.106634816925435, 7.21682989595479) 19.0 -56.0 turn_to_on_spot 177.71685941303622 85.63685941303618 2 
2021-06-13 10:44:16.024357 [47.106625833, 7.216905] 90.97 0.14501393209639596 (47.106634816925435, 7.21682989595479) 19.0 -56.0 turn_to_on_spot 177.71685941303622 86.74685941303619 2 
2021-06-13 10:44:16.126514 [47.106625833, 7.216905] 90.97 0.14501393209639596 (47.106634816925435, 7.21682989595479) 19.0 -56.0 turn_to_on_spot 177.71685941303622 86.74685941303619 2 
2021-06-13 10:44:16.529898 [47.106625833, 7.216905] 85.27 0.14501393209639596 (47.106634816925435, 7.21682989595479) 19.0 -58.0 turn_to_on_spot 177.71685941303622 90.25685941303618 2 
2021-06-13 10:44:16.935018 [47.106625833, 7.216905] 74.0 0.0 (47.106634816925435, 7.21682989595479) 21.0 -63.0 turn_to_on_spot 177.71685941303622 98.89685941303628 2 
2021-06-13 10:44:17.040686 [47.106625833, 7.216905] 71.78 0.0 (47.106634816925435, 7.21682989595479) 22.0 -67.0 turn_to_on_spot 177.71685941303622 105.93685941303625 2 
2021-06-13 10:44:17.145063 [47.106625833, 7.216905] 71.78 0.0 (47.106634816925435, 7.21682989595479) 22.0 -67.0 turn_to_on_spot 177.71685941303622 105.93685941303625 2 
2021-06-13 10:44:17.549008 [47.106625833, 7.216905] 67.52 0.0 (47.106634816925435, 7.21682989595479) 23.0 -68.0 turn_to_on_spot 177.71685941303622 108.09685941303621 2 
2021-06-13 10:44:17.958862 [47.106627333, 7.216902667] 59.4 0.5590718390052479 (47.106634816925435, 7.21682989595479) 24.0 -71.0 turn_to_on_spot 177.71685941303622 113.66685941303626 2 
2021-06-13 10:44:18.073128 [47.106627333, 7.216902667] 58.34 0.5590718390052479 (47.106634816925435, 7.21682989595479) 25.0 -74.0 turn_to_on_spot 177.71685941303622 119.37685941303619 2 
2021-06-13 10:44:18.179122 [47.106627333, 7.216902167] 57.17 0.0626742293818293 (47.106634816925435, 7.21682989595479) 25.0 -75.0 turn_to_on_spot 177.71685941303622 120.54685941303626 2 
2021-06-13 10:44:18.585418 [47.106627333, 7.216902167] 52.48 0.0 (47.106634816925435, 7.21682989595479) 25.0 -76.0 turn_to_on_spot 177.71685941303622 121.78685941303615 2 
2021-06-13 10:44:18.989744 [47.106627333, 7.216902167] 47.15 0.0 (47.106634816925435, 7.21682989595479) 26.0 -79.0 turn_to_on_spot 177.71685941303622 127.42685941303625 2 
2021-06-13 10:44:19.094686 [47.106627333, 7.216902167] 44.85 0.0 (47.106634816925435, 7.21682989595479) 27.0 -82.0 turn_to_on_spot 177.71685941303622 132.8668594130362 2 
2021-06-13 10:44:19.199836 [47.106627333, 7.216902167] 44.85 0.0 (47.106634816925435, 7.21682989595479) 27.0 -82.0 turn_to_on_spot 177.71685941303622 132.8668594130362 2 
2021-06-13 10:44:19.604760 [47.106627333, 7.216902167] 40.26 0.0 (47.106634816925435, 7.21682989595479) 27.0 -82.0 turn_to_on_spot 177.71685941303622 134.00685941303618 2 
2021-06-13 10:44:20.016046 [47.106627167, 7.216902] 36.75 0.04218228203024158 (47.106634816925435, 7.21682989595479) 28.0 -85.0 turn_to_on_spot 177.71685941303622 138.57685941303623 2 
2021-06-13 10:44:20.120859 [47.106627167, 7.216902] 33.46 0.04218228203024158 (47.106634816925435, 7.21682989595479) 29.0 -88.0 turn_to_on_spot 177.71685941303622 144.25685941303618 2 
2021-06-13 10:44:20.229653 [47.106627333, 7.2169015] 32.43 0.9443717677948152 (47.106634816925435, 7.21682989595479) 30.0 -89.0 turn_to_on_spot 177.71685941303622 145.28685941303615 2 
2021-06-13 10:44:20.635484 [47.106627333, 7.2169015] 28.03 0.9443717677948152 (47.106634816925435, 7.21682989595479) 30.0 -89.0 turn_to_on_spot 177.71685941303622 146.42685941303625 2 
2021-06-13 10:44:21.041399 [47.106627333, 7.2169015] 26.97 0.9443717677948152 (47.106634816925435, 7.21682989595479) 31.0 -92.0 turn_to_on_spot 177.71685941303622 150.7468594130362 2 
2021-06-13 10:44:21.150018 [47.106627333, 7.2169015] 23.61 0.0 (47.106634816925435, 7.21682989595479) 31.0 -94.0 turn_to_on_spot 177.71685941303622 154.1068594130362 2 
2021-06-13 10:44:21.258518 [47.106627333, 7.2169015] 23.61 0.0 (47.106634816925435, 7.21682989595479) 31.0 -94.0 turn_to_on_spot 177.71685941303622 154.1068594130362 2 
2021-06-13 10:44:21.662031 [47.106627333, 7.216899667] 27.15 0.6363695610235092 (47.106634816925435, 7.21682989595479) 31.0 -94.0 turn_to_on_spot 177.71685941303622 154.1068594130362 2 
2021-06-13 10:44:22.067475 [47.106627333, 7.216899667] 32.65 0.6363695610235092 (47.106634816925435, 7.21682989595479) 30.0 -90.0 turn_to_on_spot 177.71685941303622 148.3568594130362 2 
2021-06-13 10:44:22.224867 [47.106628, 7.216899833] 33.9 0.0 (47.106634816925435, 7.21682989595479) 29.0 -88.0 turn_to_on_spot 177.71685941303622 143.81685941303624 2 
2021-06-13 10:44:22.330438 [47.106628, 7.216899833] 38.42 0.0 (47.106634816925435, 7.21682989595479) 29.0 -86.0 turn_to_on_spot 177.71685941303622 140.30685941303625 2 
2021-06-13 10:44:22.735269 [47.106628, 7.216899833] 43.18 0.0 (47.106634816925435, 7.21682989595479) 28.0 -85.0 turn_to_on_spot 177.71685941303622 138.21685941303622 2 
2021-06-13 10:44:23.140923 [47.106628, 7.216899833] 60.51 0.0 (47.106634816925435, 7.21682989595479) 25.0 -75.0 turn_to_on_spot 177.71685941303622 120.29685941303626 2 
2021-06-13 10:44:23.244876 [47.106628, 7.216899833] 66.97 0.0 (47.106634816925435, 7.21682989595479) 23.0 -70.0 turn_to_on_spot 177.71685941303622 110.74685941303619 2 
2021-06-13 10:44:23.414777 [47.106628, 7.216899833] 68.07 0.0 (47.106634816925435, 7.21682989595479) 23.0 -70.0 turn_to_on_spot 177.71685941303622 110.74685941303619 2 
2021-06-13 10:44:23.824381 [47.106628, 7.216899833] 82.68 0.0 (47.106634816925435, 7.21682989595479) 21.0 -64.0 turn_to_on_spot 177.71685941303622 101.19685941303624 2 
2021-06-13 10:44:24.231389 [47.1066285, 7.2169005] 87.45 0.0 (47.106634816925435, 7.21682989595479) 20.0 -60.0 turn_to_on_spot 177.71685941303622 92.87685941303619 2 
2021-06-13 10:44:24.336959 [47.1066285, 7.2169005] 89.68 0.0 (47.106634816925435, 7.21682989595479) 19.0 -57.0 turn_to_on_spot 177.71685941303622 88.03685941303615 2 
2021-06-13 10:44:24.441532 [47.1066285, 7.2169005] 90.75 0.0 (47.106634816925435, 7.21682989595479) 19.0 -56.0 turn_to_on_spot 177.71685941303622 86.96685941303622 2 
2021-06-13 10:44:24.846199 [47.1066285, 7.2169005] 93.9 0.0 (47.106634816925435, 7.21682989595479) 19.0 -56.0 turn_to_on_spot 177.71685941303622 85.91685941303626 2 
2021-06-13 10:44:25.250454 [47.1066285, 7.2169005] 98.56 0.0 (47.106634816925435, 7.21682989595479) 18.0 -54.0 turn_to_on_spot 177.71685941303622 82.72685941303621 2 
2021-06-13 10:44:25.358141 [47.106628833, 7.216905667] 99.57 1.791903183531851 (47.106634816925435, 7.21682989595479) 17.0 -51.0 turn_to_on_spot 177.71685941303622 78.14685941303628 2 
2021-06-13 10:44:25.479334 [47.106628833, 7.216905667] 100.73 1.791903183531851 (47.106634816925435, 7.21682989595479) 17.0 -51.0 turn_to_on_spot 177.71685941303622 76.9868594130362 2 
2021-06-13 10:44:25.884540 [47.106628833, 7.216905667] 101.83 1.791903183531851 (47.106634816925435, 7.21682989595479) 17.0 -50.0 turn_to_on_spot 177.71685941303622 75.88685941303618 2 
2021-06-13 10:44:26.352369 [47.106628833, 7.216905667] 105.02 1.791903183531851 (47.106634816925435, 7.21682989595479) 17.0 -50.0 turn_to_on_spot 177.71685941303622 74.79685941303626 2 
2021-06-13 10:44:26.893247 [47.106628167, 7.2169065] 108.07 0.6742202118769004 (47.106634816925435, 7.21682989595479) 16.0 -48.0 turn_to_on_spot 177.71685941303622 72.69685941303624 2 
2021-06-13 10:44:27.298268 [47.106628167, 7.2169065] 94.99 0.6742202118769004 (47.106634816925435, 7.21682989595479) 17.0 -50.0 turn_to_on_spot 177.71685941303622 75.3668594130362 2 
2021-06-13 10:44:27.402927 [47.106628167, 7.216907] 90.83 1.8049827078182228 (47.106634816925435, 7.21682989595479) 19.0 -56.0 turn_to_on_spot 177.71685941303622 86.88685941303618 2 
2021-06-13 10:44:27.507826 [47.106628167, 7.216907] 84.34 1.8049827078182228 (47.106634816925435, 7.21682989595479) 20.0 -59.0 turn_to_on_spot 177.71685941303622 92.30685941303625 2 
2021-06-13 10:44:27.912642 [47.106628167, 7.216907] 69.93 1.8049827078182228 (47.106634816925435, 7.21682989595479) 22.0 -66.0 turn_to_on_spot 177.71685941303622 104.79685941303626 2 
2021-06-13 10:44:28.319130 [47.106628167, 7.216907] 57.09 0.0 (47.106634816925435, 7.21682989595479) 24.0 -73.0 turn_to_on_spot 177.71685941303622 116.14685941303628 2 
2021-06-13 10:44:28.522983 [47.106627667, 7.216908167] 53.2 3.7179445385261873 (47.106634816925435, 7.21682989595479) 26.0 -77.0 turn_to_on_spot 177.71685941303622 124.51685941303617 2 
2021-06-13 10:44:28.930007 [47.106627667, 7.216908167] 47.42 3.7179445385261873 (47.106634816925435, 7.21682989595479) 26.0 -78.0 turn_to_on_spot 177.71685941303622 125.53685941303615 2 
2021-06-13 10:44:29.382431 [47.106627667, 7.216908167] 51.31 0.0 (47.106634816925435, 7.21682989595479) 27.0 -81.0 turn_to_on_spot 177.71685941303622 131.3468594130362 2 
2021-06-13 10:44:29.636531 [47.106627667, 7.216908167] 53.75 0.0 (47.106634816925435, 7.21682989595479) 26.0 -78.0 turn_to_on_spot 177.71685941303622 125.24685941303619 2 
2021-06-13 10:44:30.052528 [47.106627667, 7.216908167] 96.12 0.0 (47.106634816925435, 7.21682989595479) 19.0 -57.0 turn_to_on_spot 177.71685941303622 87.83685941303622 2 
2021-06-13 10:44:30.471774 [47.1066305, 7.216912] 155.5 7.686603048828869 (47.106634816925435, 7.21682989595479) 9.0 -28.0 turn_to_on_spot 177.71685941303622 36.88685941303618 2 
2021-06-13 10:44:30.605984 [47.1066305, 7.216912] 160.92 7.686603048828869 (47.106634816925435, 7.21682989595479) 6.0 -19.0 turn_to_on_spot 177.71685941303622 19.57685941303623 2 
2021-06-13 10:44:30.767075 [47.1066305, 7.216912] 170.63 7.686603048828869 (47.106634816925435, 7.21682989595479) 4.0 -13.0 turn_to_on_spot 177.71685941303622 8.466859413036218 2 
2021-06-13 10:44:31.180263 [47.1066305, 7.216912] 192.9 7.686603048828869 (47.106634816925435, 7.21682989595479) 1.0 -2.0 turn_to_on_spot 177.71685941303622 -10.643140586963796 2 
2021-06-13 10:44:31.331861 [47.1066305, 7.216912] 203.29 0.0 (47.106634816925435, 7.21682989595479) -6.0 2.0 turn_to_on_spot 177.71685941303622 -24.52314058696379 2 
2021-06-13 10:44:31.778661 [47.1066305, 7.216912] 199.6 0.0 (47.106634816925435, 7.21682989595479) -6.0 2.0 turn_to_on_spot 177.71685941303622 -25.573140586963746 2 
2021-06-13 10:44:32.186101 [47.106626833, 7.216915667] 177.31 0.0 (47.106634816925435, 7.21682989595479) -1.0 0.0 turn_to_on_spot 177.71685941303622 -15.713140586963846 2 
2021-06-13 10:44:32.330859 [47.106626833, 7.216915667] 169.89 0.0 (47.106634816925435, 7.21682989595479) 4.0 -12.0 turn_to_on_spot 177.71685941303622 6.616859413036195 2 
2021-06-13 10:44:32.438086 [47.106626833, 7.216915667] 163.8 0.0 (47.106634816925435, 7.21682989595479) 5.0 -14.0 turn_to_on_spot 177.71685941303622 11.476859413036209 2 
2021-06-13 10:44:32.860980 [47.106623, 7.2169165] 143.32 1.290541930045369 (47.106634816925435, 7.21682989595479) 7.0 -20.0 turn_to_on_spot 177.71685941303622 21.57685941303623 2 
2021-06-13 10:44:33.383167 [47.106623, 7.2169165] 142.24 0.0 (47.106634816925435, 7.21682989595479) 9.0 -28.0 turn_to_on_spot 177.71685941303622 35.47685941303621 2 
2021-06-13 10:44:33.564971 [47.106618, 7.216919] 142.24 2.196048318666005 (47.106634816925435, 7.21682989595479) 9.0 -28.0 turn_to_on_spot 177.71685941303622 35.47685941303621 2 
2021-06-13 10:44:33.968519 [47.106618, 7.216919] 143.15 2.196048318666005 (47.106634816925435, 7.21682989595479) 9.0 -27.0 turn_to_on_spot 177.71685941303622 34.54685941303626 2 
2021-06-13 10:44:34.372941 [47.106618, 7.216919] 147.4 2.196048318666005 (47.106634816925435, 7.21682989595479) 8.0 -25.0 turn_to_on_spot 177.71685941303622 31.416859413036264 2 
2021-06-13 10:44:34.483875 [47.106617333, 7.2169195] 170.11 0.0 (47.106634816925435, 7.21682989595479) 4.0 -12.0 turn_to_on_spot 177.71685941303622 7.606859413036204 2 
2021-06-13 10:44:34.592749 [47.106617333, 7.2169195] 187.68 0.0 (47.106634816925435, 7.21682989595479) 1.0 -2.0 turn_to_on_spot 177.71685941303622 -9.963140586963846 2 
2021-06-13 10:44:34.997348 [47.106617333, 7.2169195] 202.72 0.0 (47.106634816925435, 7.21682989595479) -4.0 1.0 turn_to_on_spot 177.71685941303622 -20.77314058696379 2 
2021-06-13 10:44:35.407248 [47.106617333, 7.2169195] 220.46 0.0 (47.106634816925435, 7.21682989595479) -14.0 5.0 turn_to_on_spot 177.71685941303622 -39.08314058696379 2 
2021-06-13 10:44:35.515736 [47.106617333, 7.216918] 221.51 0.38299992500580965 (47.106634816925435, 7.21682989595479) -16.0 5.0 turn_to_on_spot 177.71685941303622 -43.79314058696377 2 
2021-06-13 10:44:35.620964 [47.106617333, 7.216918] 221.51 0.38299992500580965 (47.106634816925435, 7.21682989595479) -16.0 5.0 turn_to_on_spot 177.71685941303622 -43.79314058696377 2 
2021-06-13 10:44:36.024371 [47.106617333, 7.216918] 221.51 0.38299992500580965 (47.106634816925435, 7.21682989595479) -16.0 5.0 turn_to_on_spot 177.71685941303622 -43.79314058696377 2 
2021-06-13 10:44:36.431364 [47.106617833, 7.216917333] 221.51 1.7476946819941421 (47.106634816925435, 7.21682989595479) -16.0 5.0 turn_to_on_spot 177.71685941303622 -43.79314058696377 2 
2021-06-13 10:44:36.743284 [47.106617833, 7.216917333] 221.51 1.7476946819941421 (47.106634816925435, 7.21682989595479) -16.0 5.0 turn_to_on_spot 177.71685941303622 -43.79314058696377 2 
2021-06-13 10:44:37.160677 [47.106617833, 7.216917333] 221.51 0.0 (47.106634816925435, 7.21682989595479) -16.0 5.0 turn_to_on_spot 177.71685941303622 -43.79314058696377 2 
                                                                                                                                                                                                                                                                                                                                                                                                                                                                                                                                                                                                                                                                                                                                                                                                                                                                                                                                                                                                                                                                                                                                                                                                                                                                                                                                                                                                                                                                                                                                                                                                                        